45 45 니할사막 선인장사막 ariantNear1 ariantNear1 1 아리안트
0 20 3
1 31 1
2 22 1
3 12 1
4 26 1
4 42 1
6 4 1
6 18 1
7 12 1
7 30 1
7 38 1
8 7 1
8 21 2
9 8 1
9 18 1
10 24 1
10 35 1
11 4 1
11 5 1
11 27 1
11 40 1
13 33 1
14 2 1
14 15 1
15 10 1
15 23 1
15 44 1
16 37 1
17 14 1
17 30 1
17 44 3
18 3 1
18 17 1
20 24 1
21 8 1
21 33 1
22 38 1
23 1 1
23 20 1
23 26 1
23 42 1
24 13 1
25 10 1
25 29 1
25 39 1
26 17 1
27 30 1
28 0 1
28 38 1
29 23 1
30 7 1
30 15 1
30 18 1
31 36 1
32 28 1
32 33 1
33 10 1
33 37 1
34 13 1
34 20 1
35 0 1
36 8 1
36 42 1
37 17 1
37 27 1
38 24 1
38 32 1
39 24 1
39 35 1
41 11 1
41 42 1
42 1 1
42 19 1
42 23 1
42 27 1
42 41 1
44 9 1
44 20 3
44 35 1
