45 45 니할사막 작열하는사막 ariantNear1 ariantNear1 1 아리안트
1 4 1
1 37 1
2 11 1
2 18 1
2 29 1
2 41 1
4 21 1
4 37 1
5 4 1
5 28 1
6 26 1
6 31 1
7 9 1
7 14 1
8 11 1
8 20 1
9 39 1
9 44 1
10 4 1
10 27 1
11 2 1
11 31 1
13 5 1
13 16 1
13 24 1
13 34 1
13 39 1
16 0 3
16 6 1
16 13 1
16 25 1
16 44 3
17 38 1
18 20 1
18 29 1
19 5 1
20 4 1
20 12 1
20 22 1
21 35 1
22 37 1
22 42 1
23 18 1
23 20 1
23 30 1
24 9 1
24 21 1
24 31 1
25 6 1
25 27 1
26 4 1
27 14 1
27 38 1
28 0 1
28 35 1
29 24 1
29 28 1
29 42 1
30 10 1
30 22 1
30 31 1
31 6 1
31 20 1
31 37 1
33 13 1
33 17 1
33 29 1
34 4 1
35 25 1
35 33 1
36 10 1
36 19 1
36 42 1
38 15 1
39 8 1
39 29 1
39 33 1
40 1 1
40 39 1
41 6 1
41 16 1
42 23 1
43 9 1
43 38 1
43 41 1
