9 25 니할사막 B-1구역 magatiaNear magatia 1 마가티아 alcadno
0 10 1
0 14 1
0 15 1
0 18 1
0 19 1
0 20 1
0 21 1
0 23 1
1 2 1
1 3 1
1 4 1
1 5 1
1 6 1
1 10 1
1 12 1
1 20 1
2 12 1
2 13 1
2 14 1
2 15 1
2 17 1
2 20 1
2 22 1
2 23 1
3 4 1
3 5 1
3 6 1
3 7 1
3 17 1
3 20 1
3 22 1
4 0 3
4 7 1
4 10 1
4 11 1
4 12 1
4 13 1
4 17 1
4 24 3
5 4 1
5 7 1
5 10 1
5 11 1
5 12 1
5 13 1
5 15 1
5 17 1
5 18 1
6 3 1
6 4 1
6 15 1
6 22 1
6 23 1
6 24 1
7 7 1
7 8 1
7 9 1
7 15 1
7 16 1
7 18 1
7 22 1
8 0 1
8 1 1
8 2 1
8 3 1
8 7 1
8 12 3
8 18 1
