30 50 니할사막 사헬지대 ariantNear2 ariantNear2 1 마가티아 ariant
0 26 1
1 25 1
1 27 1
2 9 1
2 26 1
2 27 1
2 30 1
2 33 1
2 43 1
3 14 1
3 26 1
3 29 1
3 32 1
4 10 1
4 12 1
4 19 1
4 28 1
4 29 1
4 31 1
4 32 1
4 34 1
4 36 1
5 4 1
5 10 1
5 13 1
5 30 1
5 31 1
5 33 1
5 35 1
6 13 1
6 34 1
7 11 1
7 27 1
7 35 1
7 36 1
7 37 1
7 38 1
7 46 1
8 15 1
8 36 1
9 31 1
10 25 1
10 26 1
10 42 1
11 20 1
11 21 1
11 23 1
12 20 1
12 21 1
12 22 1
12 23 1
12 49 3
13 0 3
13 8 1
13 10 1
13 19 1
13 21 1
13 23 1
14 8 1
14 9 1
14 10 1
14 13 1
14 14 1
14 15 1
14 16 1
14 17 1
14 18 1
14 19 1
14 26 1
14 33 1
15 15 1
15 17 1
15 34 1
15 36 1
16 11 1
16 13 1
16 14 1
16 18 1
16 33 1
17 13 1
17 34 1
17 35 1
17 43 1
17 44 1
18 34 1
19 24 1
19 42 1
20 44 1
21 1 1
21 46 1
22 32 1
22 42 1
23 16 1
23 28 1
23 31 1
23 37 1
24 9 1
24 23 1
24 25 1
24 29 1
24 30 1
24 31 1
25 8 1
25 11 1
25 22 1
25 27 1
25 28 1
25 30 1
25 32 1
26 6 1
26 21 1
26 23 1
26 24 1
26 26 1
26 27 1
26 28 1
27 8 1
27 10 1
27 22 1
27 24 1
27 25 1
28 19 1
28 25 1
28 36 1
28 45 1
29 20 1
