7 35 니할사막 비밀연구소1구역 magatiaNear magatia 5 마가티아
0 0 1
0 6 1
0 8 2
0 10 1
0 15 1
0 24 1
0 25 2
0 31 1
0 34 1
1 0 1
1 2 1
1 6 1
1 10 1
1 11 1
1 15 1
1 16 1
1 17 1
1 20 1
1 24 1
1 25 1
1 26 1
1 27 1
1 31 1
1 32 1
1 34 1
2 0 1
2 2 1
2 3 1
2 6 1
2 7 1
2 8 1
2 17 1
2 20 1
2 21 1
2 34 1
3 3 1
3 10 1
3 13 1
3 14 1
3 21 1
3 27 1
3 28 1
3 29 1
3 34 3
4 0 1
4 3 1
4 8 1
4 9 1
4 10 1
4 13 1
4 24 1
4 25 1
4 28 1
4 34 1
5 0 1
5 1 1
5 5 1
5 8 1
5 16 1
5 17 1
5 18 1
5 22 1
5 25 1
5 28 1
5 31 1
5 34 1
6 0 1
6 5 1
6 12 1
6 16 1
6 17 2
6 22 1
6 25 1
6 31 1
6 34 1
