45 45 니할사막 마른사막 ariantNear1 ariantNear1 1 아리안트 ariant
1 11 1
2 24 1
2 37 1
3 21 1
3 29 1
3 41 1
4 5 1
4 14 1
4 24 1
5 35 1
6 28 1
6 32 1
7 11 1
8 1 1
8 7 1
8 21 1
9 19 1
9 26 1
9 38 1
10 22 1
10 31 1
11 11 1
12 7 1
12 20 1
12 30 1
12 37 1
13 32 1
14 42 1
15 12 1
15 16 1
15 27 1
16 0 3
16 4 1
17 19 1
17 27 1
17 35 1
17 40 1
19 3 1
19 32 1
20 10 1
21 16 1
21 35 1
22 26 1
24 9 1
24 20 1
24 27 1
24 39 1
25 33 1
26 39 1
27 14 1
27 17 1
27 28 1
28 3 1
28 16 1
28 42 1
29 20 1
29 23 1
30 33 1
31 1 1
31 9 1
31 28 1
31 36 1
32 25 1
32 41 1
33 14 1
34 8 1
35 17 1
35 33 1
36 1 1
36 17 1
36 27 1
36 39 1
37 23 1
38 32 1
39 7 1
39 12 1
40 21 1
40 39 1
41 6 1
41 23 1
42 15 1
43 1 1
43 30 1
43 35 1
43 42 1
44 22 3
