20 30 니할사막 마가티아 magatia magatia 0 마가티아
0 8 1
0 10 3
0 12 1
0 21 1
1 8 1
1 12 1
1 21 1
1 28 1
2 2 1
2 3 1
2 4 1
2 5 1
2 8 1
2 9 1
2 11 1
2 12 1
2 17 1
2 21 1
2 28 1
3 2 1
3 17 1
3 18 1
3 21 1
3 22 1
3 23 1
3 24 1
3 25 1
3 28 1
4 2 1
4 28 1
5 0 1
5 1 1
5 2 1
5 7 1
5 8 1
5 9 1
5 10 1
5 11 1
5 12 1
5 13 1
5 17 1
5 28 1
6 7 1
6 17 1
6 22 2
6 24 1
7 10 2
7 17 1
7 24 1
8 2 1
8 3 1
8 4 1
8 14 1
8 15 1
8 16 1
8 17 1
8 20 1
8 21 1
8 22 1
8 23 1
8 24 1
8 25 1
8 28 1
8 29 1
9 0 3
10 7 1
10 28 4
11 3 1
11 4 1
11 5 1
11 6 1
11 7 1
11 8 1
11 11 1
11 12 1
11 13 1
11 14 1
11 15 1
11 18 1
11 19 1
11 20 1
11 24 1
11 25 1
11 26 1
11 27 1
11 28 1
11 29 1
12 0 1
12 3 1
12 12 1
12 19 1
13 3 1
13 12 1
13 19 1
14 6 1
14 12 1
14 15 1
14 16 1
14 19 1
14 20 1
14 24 1
14 25 1
14 28 1
14 29 1
15 6 1
15 8 5
15 12 1
15 28 1
16 3 1
16 6 1
16 12 1
16 28 1
17 3 1
17 4 1
17 5 1
17 6 1
17 7 1
17 8 1
17 12 1
17 13 1
17 14 1
17 15 1
17 20 1
17 21 1
17 23 1
17 24 1
17 27 1
17 28 1
18 0 1
18 1 1
18 3 1
18 20 1
18 24 1
19 3 1
19 20 1
19 22 3
19 24 1
