16 45 미나르숲 용의숲2 dragonForest dragonForest 1 리프레
0 9 1
0 23 1
0 39 1
1 5 1
1 9 1
1 13 1
1 19 1
1 23 1
1 39 1
2 2 1
2 9 1
2 23 1
2 29 1
2 33 1
2 39 1
2 43 1
3 8 1
3 10 1
3 14 1
3 18 1
3 22 1
3 24 1
3 30 1
3 32 1
3 38 1
3 40 1
4 7 1
4 11 1
4 15 1
4 17 1
4 21 1
4 25 1
4 31 1
4 37 1
4 41 1
5 0 3
5 16 1
5 31 1
6 16 1
6 25 1
6 30 1
6 31 1
6 32 1
6 33 1
7 2 1
7 3 1
7 4 1
7 5 1
7 6 1
7 7 1
7 8 1
7 14 1
7 15 1
7 16 1
7 17 1
7 18 1
7 21 1
7 29 1
7 34 1
7 41 1
8 1 1
8 10 1
8 13 1
8 22 1
8 23 1
8 35 1
8 36 1
8 37 1
8 44 3
9 0 1
9 5 1
9 11 1
9 12 1
9 24 1
9 26 1
9 27 1
9 32 1
9 39 1
10 11 1
10 25 1
10 40 1
10 41 1
11 3 1
11 7 1
11 11 1
11 16 1
11 20 1
11 25 1
11 31 1
11 35 1
11 42 1
11 43 1
11 44 1
12 4 1
12 6 1
12 10 1
12 12 1
12 17 1
12 19 1
12 24 1
12 26 1
12 32 1
12 34 1
13 1 1
13 5 1
13 9 1
13 13 1
13 18 1
13 23 1
13 27 1
13 33 1
14 5 1
14 18 1
14 33 1
14 39 1
14 43 1
15 5 1
15 14 1
15 18 1
15 29 1
15 33 1
