45 45 미나르숲 용의둥지 dragonCliff dragonCliff 1 리프레
0 5 3
0 17 1
0 35 1
0 36 1
0 44 1
1 16 1
1 34 1
1 43 1
2 11 1
2 14 1
2 15 1
2 16 1
2 33 1
2 41 1
2 42 1
3 12 1
3 13 1
3 23 1
3 40 1
4 24 1
4 27 1
4 28 1
4 39 1
5 5 1
5 25 1
5 26 1
5 38 1
5 40 1
6 4 1
6 22 1
6 23 1
6 24 1
6 27 1
6 34 1
6 41 1
7 0 1
7 1 1
7 2 1
7 3 1
7 5 1
7 14 1
7 20 1
7 21 1
7 23 1
7 28 1
7 29 1
7 33 1
7 42 1
8 5 1
8 6 1
8 13 1
8 23 1
8 30 1
8 31 1
8 32 1
8 41 1
9 7 1
9 11 1
9 12 1
9 23 1
9 29 1
9 32 1
9 38 1
9 39 1
9 40 1
10 8 1
10 10 1
10 11 1
10 23 1
10 24 1
10 32 1
10 36 1
10 37 1
10 41 1
11 9 1
11 12 1
11 17 1
11 18 1
11 24 1
11 32 1
11 33 1
11 42 1
12 12 1
12 13 1
12 16 1
12 24 1
12 31 1
12 34 1
12 43 1
13 4 1
13 13 1
13 15 1
13 24 1
13 34 1
13 44 1
14 4 1
14 14 1
14 22 1
14 23 1
14 25 1
14 35 1
14 36 1
15 0 1
15 1 1
15 2 1
15 3 1
15 8 1
15 13 1
15 21 1
15 26 1
15 28 1
15 34 1
15 35 1
16 2 1
16 9 1
16 11 1
16 12 1
16 13 1
16 18 1
16 19 1
16 20 1
16 27 1
16 32 1
16 33 1
16 36 1
17 3 1
17 10 1
17 32 1
17 37 1
18 3 1
18 37 1
19 3 1
19 4 1
19 16 1
19 17 1
19 43 1
19 44 1
20 5 1
20 18 1
20 23 1
20 24 1
20 40 1
20 42 1
21 5 1
21 18 1
21 20 1
21 21 1
21 22 1
21 23 1
21 34 1
21 41 1
22 6 1
22 7 1
22 8 1
22 9 1
22 17 1
22 18 1
22 19 1
22 23 1
22 31 1
22 32 1
22 33 1
22 40 1
22 41 1
23 6 1
23 24 1
23 30 1
23 31 1
24 4 1
24 5 1
24 25 1
24 26 1
24 29 1
24 31 1
24 32 1
25 2 1
25 3 1
25 4 1
25 18 1
25 19 1
25 24 1
25 25 1
25 26 1
25 27 1
25 28 1
25 32 1
25 40 1
26 16 1
26 17 1
26 25 1
26 37 1
26 38 1
26 39 1
27 12 1
27 18 1
27 25 1
27 35 1
27 36 1
27 40 1
28 6 1
28 9 1
28 10 1
28 11 1
28 19 1
28 26 1
28 36 1
28 41 1
29 7 1
29 8 1
29 10 1
29 20 1
29 27 1
29 32 1
29 33 1
29 34 1
29 35 1
29 42 1
30 5 1
30 6 1
30 11 1
30 20 1
30 21 1
30 28 1
30 34 1
30 42 1
31 12 1
31 18 1
31 19 1
31 28 1
31 29 1
31 34 1
31 43 1
31 44 1
32 12 1
32 16 1
32 17 1
32 18 1
32 28 1
32 35 1
32 44 1
33 3 1
33 4 1
33 13 1
33 14 1
33 15 1
33 27 1
33 36 1
33 38 1
34 0 1
34 2 1
34 13 1
34 14 1
34 37 1
34 38 1
35 1 1
35 8 1
35 10 1
35 14 1
35 24 1
35 36 1
35 37 1
36 2 1
36 7 1
36 9 1
36 10 1
36 14 1
36 19 1
36 20 1
36 21 1
36 22 1
36 23 1
36 25 1
36 35 1
37 2 1
37 7 1
37 14 1
37 26 1
37 34 1
37 35 1
37 44 1
38 3 1
38 6 1
38 15 1
38 27 1
38 28 1
38 32 1
38 33 1
38 36 1
38 42 1
38 44 1
39 4 1
39 23 1
39 28 1
39 37 1
39 43 1
40 4 1
40 12 1
40 22 1
40 29 1
40 38 1
40 39 1
41 5 1
41 10 1
41 11 1
41 20 1
41 30 1
42 6 1
42 7 1
42 8 1
42 18 1
42 19 1
42 31 1
42 33 1
43 5 1
43 6 1
43 29 1
43 30 1
43 31 1
43 32 1
44 6 1
44 28 1
44 37 3
