30 20 미나르숲 심술쟁이의숲 leafreNear leafreNear 1 리프레
0 8 3
2 14 1
3 4 1
4 12 1
5 7 1
5 13 1
5 19 1
6 0 1
6 14 1
6 16 1
6 18 1
7 1 1
7 17 1
8 4 1
8 10 1
9 3 1
10 15 1
11 12 1
11 18 1
12 4 1
12 9 1
12 11 1
12 17 1
12 19 1
13 10 1
13 14 1
13 16 1
14 0 1
14 4 1
14 15 1
15 1 1
15 3 1
15 5 1
15 19 3
16 2 1
16 6 1
17 15 1
18 10 1
19 3 1
19 11 1
19 13 1
20 6 1
20 12 1
20 14 1
20 16 1
20 18 1
21 1 1
21 5 1
21 7 1
21 15 1
21 19 1
22 2 1
22 8 1
23 3 1
24 11 1
24 15 1
25 7 1
26 5 1
26 12 1
27 2 1
27 4 1
27 6 1
27 13 1
27 15 1
28 3 1
28 7 1
28 14 1
28 16 1
29 10 3
