47 22 미나르숲 용의협곡 dragonCliff dragonCliff 1 리프레 dragonCliff
0 5 1
0 11 3
0 16 1
1 5 1
1 16 1
2 1 1
2 13 1
2 16 1
3 2 1
3 5 1
3 9 1
3 14 1
3 16 1
4 3 1
4 5 1
4 8 1
4 10 1
4 15 1
4 16 1
4 20 1
5 4 1
5 5 1
5 7 1
5 11 1
5 16 1
5 19 1
6 1 1
6 5 1
6 12 1
6 16 1
6 18 1
7 0 1
7 2 1
7 5 1
7 16 1
7 17 1
7 21 1
8 3 1
8 5 1
8 8 1
8 20 1
9 5 1
9 7 1
9 16 1
9 19 1
10 1 1
10 4 2
10 5 1
10 6 1
10 13 1
10 16 1
11 2 1
11 5 1
11 10 1
11 14 1
11 16 1
11 20 1
12 3 1
12 5 1
12 9 1
12 11 1
12 15 1
12 16 1
12 19 1
13 4 1
13 5 1
13 8 1
13 12 1
13 16 1
13 18 1
14 3 1
14 5 1
14 16 1
14 17 1
14 21 1
15 2 1
15 5 1
15 9 1
15 16 1
15 20 1
16 5 1
16 8 1
16 12 1
17 1 1
17 5 1
17 7 1
17 13 1
17 16 1
17 18 1
18 2 1
18 5 1
18 6 1
18 14 1
18 16 1
18 19 1
19 3 1
19 5 1
19 11 1
19 13 1
19 15 1
19 16 1
19 20 1
20 4 1
20 5 1
20 6 1
20 12 1
20 16 1
20 19 1
21 0 1
21 5 1
21 7 1
21 16 1
21 18 1
22 1 1
22 5 1
22 8 1
22 16 1
22 17 1
22 21 1
23 2 1
23 16 1
23 20 1
24 3 1
24 5 1
24 13 1
24 16 1
25 2 1
25 5 1
25 9 1
25 14 1
25 16 1
25 18 1
26 5 1
26 8 1
26 15 1
26 16 1
26 19 1
27 1 1
27 5 1
27 7 1
27 16 1
27 20 1
28 2 1
28 5 1
28 6 1
28 11 1
28 16 1
28 19 1
29 5 1
29 10 1
29 12 1
29 16 1
29 18 1
30 4 1
30 5 1
30 9 1
30 13 1
30 16 1
30 17 1
31 3 1
31 5 1
31 8 1
31 16 1
31 21 1
32 2 1
32 5 1
32 16 1
33 5 1
33 12 1
33 19 1
34 1 1
34 5 1
34 13 1
34 16 1
34 18 1
35 2 1
35 5 1
35 14 1
35 16 1
36 3 1
36 5 1
36 9 1
36 13 1
36 15 1
36 16 1
36 20 1
37 4 1
37 5 1
37 8 1
37 12 1
37 16 1
37 19 1
38 5 1
38 7 1
38 13 1
38 16 1
38 18 1
39 5 1
39 6 1
39 16 1
39 17 1
40 1 1
40 5 1
40 15 1
40 16 1
41 2 1
41 9 1
41 12 1
41 16 1
42 3 1
42 5 1
42 8 1
42 13 1
42 16 1
42 20 1
43 4 1
43 5 1
43 7 1
43 14 1
43 16 1
43 19 1
44 5 1
44 6 1
44 15 1
44 16 1
44 18 1
45 5 1
45 16 1
45 17 1
46 5 1
46 12 3
46 16 1
