25 20 빅토리아아일랜드 페리온동쪽길목 pellionNear pellion 1
0 1 1
0 10 1
0 11 1
1 2 1
1 11 1
2 3 1
2 7 1
2 8 1
2 12 1
2 17 1
3 2 1
3 6 1
3 13 1
3 16 1
4 5 1
4 10 1
4 16 1
5 4 1
5 8 1
5 9 1
5 11 1
5 15 1
5 17 1
6 0 1
6 1 1
6 8 1
6 14 1
6 15 1
6 17 1
7 5 1
7 9 1
7 13 1
8 0 3
8 3 1
8 4 1
8 8 1
8 9 1
9 4 1
9 10 1
9 15 1
9 16 1
9 17 1
10 0 1
10 1 1
10 5 1
10 9 1
10 11 1
10 13 1
10 14 1
11 5 1
11 12 1
11 13 1
12 5 1
12 6 1
12 16 1
12 17 1
12 18 1
12 19 1
13 1 1
13 3 1
13 4 1
13 7 1
13 8 1
13 16 1
14 2 1
14 3 1
14 9 1
14 14 1
14 15 1
14 19 3
15 5 1
15 10 1
15 13 1
15 17 1
16 0 1
16 5 1
16 7 1
16 13 1
16 16 1
17 1 1
17 2 1
17 3 1
17 7 1
17 11 1
17 12 1
17 13 1
18 5 1
18 8 1
18 13 1
18 14 1
18 19 1
19 4 1
19 6 1
19 18 1
20 3 1
20 7 1
20 11 1
21 11 1
21 14 1
21 17 1
22 0 1
22 4 1
22 5 1
22 6 1
22 8 1
22 9 1
22 10 1
22 14 1
22 16 1
22 17 1
22 18 1
22 19 1
23 1 1
23 2 1
23 3 1
23 10 1
23 14 1
23 18 2
24 13 1
24 14 1
