25 25 빅토리아아일랜드 폐쇄구역 excavationArea excavationArea 1 페리온
0 15 1
0 21 1
1 0 1
1 1 1
1 2 1
1 3 1
1 15 1
1 21 1
2 1 1
2 11 1
2 15 1
2 16 1
2 17 1
2 18 1
2 21 1
3 1 1
3 6 1
3 7 1
3 8 1
3 9 1
3 10 1
3 11 1
3 16 1
3 21 1
3 22 1
3 23 1
4 1 1
4 11 1
4 16 1
5 4 1
5 16 1
6 4 1
6 8 1
6 9 1
6 10 1
6 11 1
6 12 1
6 16 1
6 19 1
6 20 1
6 21 1
6 22 1
6 23 1
7 4 1
7 8 1
7 15 1
7 16 1
7 17 1
7 23 1
8 4 1
8 8 1
8 23 1
9 4 1
9 8 1
9 11 1
9 13 1
10 4 1
10 12 3
10 19 2
11 1 1
11 2 1
11 3 1
11 4 1
11 5 1
11 8 1
11 11 1
11 13 1
11 16 1
12 1 1
12 8 1
12 16 1
12 20 1
12 21 1
12 22 1
12 23 1
12 24 1
13 8 1
13 16 1
14 3 1
14 8 1
14 9 1
14 10 1
14 11 1
14 13 1
14 14 1
14 15 1
14 16 1
14 17 1
15 0 1
15 1 1
15 2 1
15 3 1
15 17 1
15 22 1
16 17 1
16 18 1
16 19 1
16 22 1
17 1 3
17 11 1
17 12 1
17 13 1
17 14 1
17 15 1
17 17 1
17 22 1
18 6 1
18 22 1
19 3 1
19 4 1
19 5 1
19 6 1
19 7 1
19 8 1
19 9 1
19 19 1
19 20 1
19 21 1
19 22 1
19 23 1
19 24 1
20 6 1
20 23 1
21 6 1
21 12 1
21 13 1
21 14 1
21 16 1
21 23 1
22 0 1
22 1 1
22 2 1
22 6 1
22 13 1
22 16 1
22 17 1
22 18 1
23 6 1
23 13 1
24 6 1
24 13 1
