35 35 빅토리아아일랜드 와일드보어의땅2 pellionNear pellion 1
0 1 1
0 2 1
0 3 1
0 5 1
0 7 1
0 10 1
0 28 1
0 29 1
0 32 1
0 33 1
1 0 1
1 1 1
1 8 1
1 14 1
1 24 1
1 25 1
1 26 1
1 27 1
2 3 1
2 5 1
2 12 1
2 14 1
2 16 1
2 17 1
2 19 1
2 20 1
2 21 1
2 22 1
2 23 1
2 31 1
2 32 2
3 1 1
3 4 1
3 7 1
3 11 1
3 13 1
3 16 1
3 17 1
3 18 1
3 26 1
3 27 1
3 28 1
3 29 1
3 30 1
3 32 1
3 33 1
4 0 1
4 5 1
4 6 1
4 7 1
4 8 1
4 10 1
4 12 1
4 14 1
4 23 1
4 24 1
4 25 1
4 33 1
5 1 1
5 2 1
5 3 1
5 4 1
5 6 1
5 11 1
5 12 1
5 16 1
5 17 1
5 18 1
5 22 1
5 27 1
5 28 1
5 29 1
6 0 1
6 7 1
6 11 1
6 15 1
6 18 1
6 19 1
6 20 1
6 22 1
6 26 1
6 29 1
6 30 1
7 1 1
7 3 1
7 4 1
7 8 1
7 10 1
7 20 1
7 21 1
7 25 1
7 29 1
7 30 1
7 31 1
7 33 1
8 0 1
8 5 1
8 13 1
8 17 1
8 18 1
8 19 1
8 21 1
8 24 1
8 28 1
8 32 1
9 0 1
9 1 1
9 5 1
9 6 1
9 11 1
9 12 1
9 13 1
9 14 1
9 15 1
9 16 1
9 21 1
9 22 1
9 23 1
9 25 1
9 28 1
9 31 1
9 32 1
9 33 1
9 34 1
10 2 1
10 7 1
10 8 1
10 9 1
10 10 1
10 19 1
10 20 1
10 26 1
10 28 1
10 30 1
10 31 1
11 0 1
11 1 1
11 2 1
11 8 1
11 10 1
11 15 1
11 16 1
11 17 1
11 18 1
11 21 1
11 28 1
11 33 1
12 0 1
12 2 1
12 3 1
12 4 1
12 11 1
12 14 1
12 16 1
12 23 1
12 26 1
12 27 1
12 30 1
13 5 1
13 6 1
13 19 1
13 20 1
13 21 1
13 22 1
13 23 1
13 28 1
14 0 1
14 1 1
14 2 1
14 5 1
14 7 1
14 8 1
14 9 1
14 18 1
14 24 1
14 25 1
14 30 1
14 32 1
15 1 1
15 2 1
15 3 1
15 4 1
15 9 1
15 10 1
15 11 1
15 12 1
15 15 1
15 16 1
15 17 1
15 21 1
15 26 1
15 29 1
15 30 1
15 31 1
15 33 1
16 5 1
16 6 1
16 8 1
16 11 1
16 14 1
16 20 1
16 22 1
16 23 1
16 27 1
16 28 1
16 33 1
16 34 1
17 0 3
17 3 1
17 6 1
17 7 1
17 8 1
17 9 1
17 12 1
17 17 1
17 18 1
17 19 1
17 20 1
17 21 1
17 23 1
17 24 1
17 25 1
17 31 1
17 34 1
18 2 1
18 9 1
18 16 1
18 22 1
18 25 1
18 26 1
18 27 1
18 31 1
19 0 1
19 1 1
19 7 1
19 10 1
19 14 1
19 15 1
19 20 1
19 23 1
19 28 1
19 29 1
19 30 1
20 3 1
20 5 1
20 6 1
20 7 1
20 10 1
20 12 1
20 13 1
20 18 1
20 19 1
20 23 1
20 24 1
20 28 1
20 31 1
20 32 1
21 4 1
21 9 1
21 11 1
21 16 1
21 18 1
21 24 1
21 25 1
21 26 1
21 27 1
21 28 1
21 29 1
21 32 1
22 0 1
22 1 1
22 8 1
22 11 1
22 12 1
22 16 1
22 17 1
22 21 1
22 27 1
22 32 1
23 0 1
23 3 1
23 4 1
23 5 1
23 6 1
23 7 1
23 10 1
23 15 1
23 16 1
23 18 1
23 24 1
23 31 1
24 3 1
24 6 1
24 9 1
24 14 1
24 18 1
24 21 1
24 22 1
24 23 1
24 24 1
24 25 1
24 28 1
24 29 1
24 30 1
24 32 1
25 6 1
25 9 1
25 12 1
25 16 1
25 19 1
25 25 1
25 26 1
25 27 1
25 32 1
26 0 1
26 1 1
26 2 1
26 7 1
26 9 1
26 14 1
26 15 1
26 20 1
26 23 1
26 30 1
26 31 1
26 33 1
27 3 1
27 7 1
27 10 1
27 11 1
27 12 1
27 13 1
27 14 1
27 16 1
27 20 1
27 24 1
27 25 1
27 27 1
27 28 1
27 29 1
28 4 1
28 5 1
28 8 1
28 17 1
28 18 1
28 21 1
28 24 1
28 26 1
28 32 1
29 0 1
29 1 1
29 8 1
29 10 1
29 11 1
29 14 1
29 18 1
29 21 1
29 29 1
29 31 1
30 7 1
30 13 1
30 15 1
30 19 1
30 22 1
30 26 1
30 30 1
30 33 1
31 3 1
31 4 1
31 5 1
31 6 1
31 12 1
31 15 1
31 20 1
31 23 1
31 26 1
31 30 1
31 33 1
32 2 1
32 9 1
32 10 1
32 15 1
32 21 1
32 23 1
32 24 1
32 27 1
32 31 1
32 32 1
32 33 1
33 6 1
33 8 1
33 13 1
33 14 1
33 18 1
33 24 1
33 28 1
33 30 1
33 33 1
34 5 1
34 11 1
34 12 1
34 17 1
34 19 1
34 20 1
34 23 1
34 27 1
34 28 1
34 34 1
