10 25 빅토리아아일랜드 유적발굴지 excavationArea excavationArea 1 페리온
0 9 3
0 12 1
0 13 1
0 17 1
0 18 1
0 19 1
0 20 1
0 21 1
0 22 1
0 23 1
0 24 1
1 12 1
1 13 1
1 17 1
1 18 1
1 19 1
1 20 1
1 21 1
1 22 1
1 23 1
1 24 1
2 12 1
2 13 1
3 12 1
3 13 1
4 4 1
4 5 1
4 6 1
4 7 1
4 8 1
4 9 1
4 10 1
4 11 1
4 12 1
4 13 1
5 4 1
5 5 1
5 6 1
5 7 1
5 8 1
5 9 1
5 10 1
5 11 1
5 12 1
5 13 1
5 18 1
5 19 1
5 23 1
5 24 1
6 7 1
6 8 1
6 18 1
6 19 1
6 23 1
6 24 1
7 7 1
7 8 1
7 18 1
7 19 1
8 0 1
8 1 1
8 14 1
8 15 1
8 18 1
8 19 1
9 0 1
9 1 1
9 14 1
9 15 1
9 18 1
9 19 1
9 22 3
