12 30 오시리아대륙 엘나스 elnath elnath 0 엘나스
0 7 1
0 16 1
0 21 1
0 26 1
1 3 1
1 4 1
1 7 1
1 11 1
1 12 1
1 13 1
1 14 1
1 16 1
1 18 5
1 21 1
1 22 1
1 23 1
1 24 1
1 26 1
2 7 1
2 11 1
2 12 4
2 14 1
2 16 1
2 21 1
2 23 2
2 24 1
2 26 1
3 0 1
3 1 1
3 2 1
3 7 1
3 16 1
4 29 3
5 9 1
5 10 1
5 21 1
5 22 1
6 0 3
6 4 1
6 5 1
6 15 1
6 16 1
6 26 1
6 27 1
8 8 2
8 12 1
8 27 1
9 3 1
9 8 1
9 9 1
9 12 1
9 16 1
9 19 1
9 20 2
9 22 1
9 27 1
10 3 1
10 5 1
10 12 1
10 16 1
10 19 1
10 20 1
10 21 1
10 22 1
10 27 1
11 3 1
11 5 1
11 12 1
11 16 1
11 27 1
