56 11 엘나스산맥 오르비스탑하층 orbisTower orbisTower 1 엘나스 orbisTower
0 0 1
0 1 1
0 2 1
0 3 1
0 5 3
0 7 1
0 8 1
0 9 1
0 10 1
5 0 1
5 4 1
5 5 1
5 6 1
5 10 1
10 0 1
10 1 1
10 2 1
10 3 1
10 7 1
10 8 1
10 9 1
10 10 1
15 0 1
15 4 1
15 5 1
15 6 1
15 10 1
20 0 1
20 1 1
20 2 1
20 3 1
20 7 1
20 8 1
20 9 1
20 10 1
25 0 1
25 3 1
25 7 1
25 10 1
30 0 1
30 3 1
30 7 1
30 10 1
35 0 1
35 1 1
35 2 1
35 3 1
35 7 1
35 8 1
35 9 1
35 10 1
40 0 1
40 4 1
40 5 1
40 6 1
40 10 1
45 0 1
45 1 1
45 2 1
45 3 1
45 7 1
45 8 1
45 9 1
45 10 1
50 0 1
50 4 1
50 5 1
50 6 1
50 10 1
55 0 1
55 1 1
55 2 1
55 3 1
55 5 3
55 7 1
55 8 1
55 9 1
55 10 1
