30 40 엘나스산맥 시련의동굴 hellCave hellCave 1 엘나스 hellCave
0 0 1
0 1 1
0 2 1
0 3 1
0 4 1
0 5 1
0 6 1
0 7 1
0 8 1
0 9 1
0 10 1
0 11 1
0 12 1
0 13 1
0 14 1
0 15 1
0 16 1
0 17 1
0 18 1
0 19 1
0 20 1
0 21 1
0 22 1
0 23 1
0 24 1
0 25 1
0 26 1
0 27 1
0 28 1
0 29 1
0 30 1
0 31 1
0 32 1
0 33 1
0 34 1
0 35 1
0 36 1
0 37 1
0 38 1
0 39 1
1 0 1
1 1 1
1 2 1
1 3 1
1 4 1
1 5 1
1 6 1
1 7 1
1 8 1
1 9 1
1 10 1
1 11 1
1 12 1
1 13 1
1 14 1
1 15 1
1 16 1
1 17 1
1 18 1
1 19 1
1 20 1
1 21 1
1 22 1
1 23 1
1 24 1
1 25 1
1 26 1
1 27 1
1 28 1
1 29 1
1 30 1
1 31 1
1 32 1
1 33 1
1 34 1
1 35 1
1 36 1
1 37 1
1 38 1
1 39 1
2 0 1
2 1 1
2 2 1
2 3 1
2 6 1
2 7 1
2 8 1
2 9 1
2 10 1
2 11 1
2 12 1
2 13 1
2 14 1
2 15 1
2 16 1
2 17 1
2 18 1
2 19 1
2 20 1
2 21 1
2 22 1
2 23 1
2 24 1
2 34 1
2 35 1
2 36 1
2 37 1
2 38 1
2 39 1
3 0 1
3 1 1
3 2 1
3 8 1
3 9 1
3 10 1
3 11 1
3 12 1
3 13 1
3 14 1
3 15 1
3 16 1
3 17 1
3 18 1
3 19 1
3 20 1
3 21 1
3 22 1
3 23 1
3 37 1
3 38 1
3 39 1
4 0 1
4 9 1
4 10 1
4 11 1
4 12 1
4 13 1
4 14 1
4 15 1
4 16 1
4 17 1
4 18 1
4 19 1
4 20 1
4 21 1
4 22 1
4 38 1
4 39 1
5 10 1
5 11 1
5 12 1
5 13 1
5 14 1
5 15 1
5 16 1
5 17 1
5 20 1
5 21 1
5 22 1
5 23 1
5 28 1
5 29 1
5 38 1
5 39 1
6 0 3
6 11 1
6 12 1
6 13 1
6 14 1
6 15 1
6 16 1
6 21 1
6 22 1
6 23 1
6 27 1
6 28 1
6 29 1
6 39 1
7 4 1
7 5 1
7 6 1
7 12 1
7 13 1
7 14 1
7 15 1
7 21 1
7 22 1
7 23 1
7 26 1
7 27 1
7 28 1
7 29 1
7 39 1
8 2 1
8 3 1
8 4 1
8 5 1
8 6 1
8 7 1
8 13 1
8 20 1
8 21 1
8 22 1
8 23 1
8 24 1
8 25 1
8 26 1
8 27 1
8 28 1
8 29 1
8 38 1
8 39 1
9 1 1
9 2 1
9 3 1
9 4 1
9 5 1
9 6 1
9 7 1
9 8 1
9 19 1
9 20 1
9 21 1
9 22 1
9 23 1
9 24 1
9 25 1
9 26 1
9 27 1
9 36 1
9 37 1
9 38 1
9 39 1
10 0 1
10 1 1
10 2 1
10 3 1
10 4 1
10 5 1
10 6 1
10 7 1
10 8 1
10 9 1
10 17 1
10 18 1
10 19 1
10 20 1
10 21 1
10 22 1
10 23 1
10 24 1
10 25 1
10 26 1
10 27 1
10 37 1
10 38 1
10 39 1
11 0 1
11 1 1
11 2 1
11 3 1
11 4 1
11 5 1
11 6 1
11 7 1
11 8 1
11 9 1
11 10 1
11 15 1
11 16 1
11 17 1
11 18 1
11 19 1
11 20 1
11 21 1
11 22 1
11 23 1
11 24 1
11 25 1
11 37 1
11 38 1
11 39 1
12 0 1
12 1 1
12 2 1
12 3 1
12 4 1
12 5 1
12 6 1
12 7 1
12 8 1
12 9 1
12 15 1
12 16 1
12 17 1
12 18 1
12 19 1
12 20 1
12 21 1
12 22 1
12 23 1
12 24 1
12 31 1
12 32 1
12 33 1
12 38 1
12 39 1
13 0 1
13 1 1
13 6 1
13 7 1
13 8 1
13 9 1
13 15 1
13 16 1
13 17 1
13 18 1
13 19 1
13 20 1
13 21 1
13 22 1
13 23 1
13 31 1
13 32 1
13 33 1
13 38 1
13 39 1
14 0 1
14 7 1
14 8 1
14 14 1
14 15 1
14 16 1
14 17 1
14 18 1
14 19 1
14 20 1
14 21 1
14 22 1
14 23 1
14 30 1
14 31 1
14 32 1
14 33 1
14 39 1
15 7 1
15 8 1
15 12 1
15 13 1
15 14 1
15 15 1
15 16 1
15 17 1
15 18 1
15 19 1
15 20 1
15 21 1
15 22 1
15 23 1
15 28 1
15 29 1
15 30 1
15 31 1
15 32 1
15 33 1
15 34 1
15 39 1
16 4 1
16 7 1
16 12 1
16 13 1
16 14 1
16 15 1
16 16 1
16 17 1
16 19 1
16 20 1
16 21 1
16 22 1
16 23 1
16 24 1
16 29 1
16 30 1
16 31 1
16 32 1
16 33 1
16 39 1
17 3 1
17 4 1
17 11 1
17 12 1
17 13 1
17 14 1
17 15 1
17 16 1
17 19 1
17 20 1
17 21 1
17 22 1
17 23 1
17 24 1
17 31 1
17 32 1
17 33 1
17 38 1
17 39 1
18 3 1
18 4 1
18 11 1
18 20 1
18 21 1
18 22 1
18 23 1
18 24 1
18 25 1
18 32 1
18 33 1
18 38 1
18 39 1
19 3 1
19 4 1
19 5 1
19 10 1
19 21 1
19 22 1
19 23 1
19 24 1
19 25 1
19 32 1
19 33 1
19 38 1
19 39 1
20 4 1
20 5 1
20 6 1
20 7 1
20 8 1
20 9 1
20 21 1
20 22 1
20 23 1
20 24 1
20 25 1
20 32 1
20 33 1
20 37 1
20 38 1
20 39 1
21 4 1
21 5 1
21 21 1
21 22 1
21 23 1
21 24 1
21 25 1
21 31 1
21 32 1
21 36 1
21 37 1
22 17 1
22 22 1
22 23 1
22 24 1
22 30 1
22 31 1
22 32 1
22 36 1
23 13 1
23 14 1
23 15 1
23 16 1
23 17 1
23 22 1
23 23 1
23 24 1
23 29 1
23 30 1
23 31 1
23 32 1
23 36 1
24 12 1
24 13 1
24 14 1
24 15 1
24 16 1
24 17 1
24 29 1
24 30 1
24 31 1
24 39 3
25 0 1
25 1 1
25 2 1
25 5 1
25 8 1
25 10 1
25 11 1
25 12 1
25 13 1
25 14 1
25 15 1
25 16 1
25 17 1
25 18 1
25 28 1
25 29 1
25 30 1
25 31 1
25 32 1
26 0 1
26 1 1
26 2 1
26 3 1
26 4 1
26 5 1
26 6 1
26 7 1
26 8 1
26 9 1
26 10 1
26 11 1
26 12 1
26 13 1
26 14 1
26 15 1
26 16 1
26 17 1
26 18 1
26 19 1
26 27 1
26 28 1
26 29 1
26 30 1
26 31 1
26 32 1
26 33 1
27 0 1
27 1 1
27 2 1
27 3 1
27 4 1
27 5 1
27 6 1
27 7 1
27 8 1
27 9 1
27 10 1
27 11 1
27 12 1
27 13 1
27 14 1
27 15 1
27 16 1
27 17 1
27 18 1
27 19 1
27 20 1
27 26 1
27 27 1
27 28 1
27 29 1
27 30 1
27 31 1
27 32 1
27 33 1
27 34 1
27 35 1
27 39 1
28 0 1
28 1 1
28 2 1
28 3 1
28 4 1
28 5 1
28 6 1
28 7 1
28 8 1
28 9 1
28 10 1
28 11 1
28 12 1
28 13 1
28 14 1
28 15 1
28 16 1
28 17 1
28 18 1
28 19 1
28 20 1
28 21 1
28 22 1
28 25 1
28 26 1
28 27 1
28 28 1
28 29 1
28 30 1
28 31 1
28 32 1
28 33 1
28 34 1
28 35 1
28 36 1
28 37 1
28 38 1
28 39 1
29 0 1
29 1 1
29 2 1
29 3 1
29 4 1
29 5 1
29 6 1
29 7 1
29 8 1
29 9 1
29 10 1
29 11 1
29 12 1
29 13 1
29 14 1
29 15 1
29 16 1
29 17 1
29 18 1
29 19 1
29 20 1
29 21 1
29 22 1
29 23 1
29 24 1
29 25 1
29 26 1
29 27 1
29 28 1
29 29 1
29 30 1
29 31 1
29 32 1
29 33 1
29 34 1
29 35 1
29 36 1
29 37 1
29 38 1
29 39 1
