15 40 오시리아대륙 하늘계단2 orbisNear orbis 1
0 5 1
0 15 1
0 30 1
0 32 1
1 6 1
1 16 1
1 26 1
1 29 1
1 33 1
2 7 1
2 17 1
2 27 1
2 28 1
2 34 1
3 8 1
3 18 1
3 22 1
3 27 1
3 35 1
4 7 1
4 13 1
4 19 1
4 21 1
4 26 1
4 36 1
5 0 3
5 6 1
5 14 1
5 20 1
5 27 1
6 5 1
6 15 1
6 28 1
6 32 1
7 4 1
7 14 1
7 16 1
7 29 1
7 33 1
8 5 1
8 13 1
8 17 1
8 24 1
8 34 1
8 39 3
9 6 1
9 12 1
9 18 1
9 25 1
9 33 1
9 35 1
10 7 1
10 11 1
10 19 1
10 26 1
10 32 1
10 36 1
11 10 1
11 14 1
11 18 1
11 25 1
11 27 1
11 31 1
11 37 1
12 9 1
12 15 1
12 17 1
12 24 1
12 28 1
12 30 1
12 38 1
13 8 1
13 16 1
13 29 1
13 39 1
14 7 1
14 28 1
