45 13 엘나스산맥 늑대의영역 dangerousCliff dangerousCliff 1 엘나스
0 4 3
1 2 1
1 10 1
1 11 1
1 12 1
2 2 1
2 4 1
2 6 1
2 7 1
2 8 1
2 9 1
2 10 1
3 3 1
3 4 1
3 5 1
3 6 1
4 1 2
4 10 1
5 2 1
5 7 1
5 8 1
5 9 1
6 1 1
6 3 1
6 5 1
6 6 1
7 1 1
7 4 1
7 7 1
8 0 1
8 11 1
9 2 1
9 3 1
9 4 1
9 10 1
10 3 1
10 4 1
10 6 1
10 8 1
10 9 1
10 10 1
10 11 1
11 3 1
11 5 1
11 7 1
11 12 1
12 2 1
13 8 1
13 9 1
14 0 1
14 3 1
14 4 1
14 7 1
14 9 1
15 1 1
15 2 1
15 5 1
15 6 1
17 10 1
18 2 1
18 4 1
18 5 1
18 6 1
18 7 1
18 9 1
19 2 1
19 3 1
19 7 1
19 8 1
19 9 1
19 10 1
20 3 1
20 4 1
20 11 1
20 12 1
21 2 1
22 6 1
22 7 1
22 8 1
22 9 1
23 5 1
23 6 1
23 10 1
23 11 1
24 4 1
25 1 1
25 2 1
25 3 1
25 5 1
25 8 1
26 0 1
26 3 1
26 9 1
26 10 1
26 11 1
27 6 1
27 7 1
27 8 1
27 12 1
28 5 1
28 6 1
29 1 1
29 2 1
29 3 1
29 4 1
29 9 1
29 10 1
30 7 1
30 8 1
30 11 1
31 5 1
31 6 1
31 8 1
32 0 1
32 1 1
32 2 1
32 3 1
32 4 1
33 10 1
33 11 1
33 12 1
34 5 1
34 6 1
34 7 1
34 8 1
34 9 1
35 2 1
35 3 1
35 4 1
35 7 1
35 11 1
36 9 1
36 10 1
37 2 1
37 6 1
37 7 1
37 8 1
37 9 1
38 0 1
38 1 1
38 2 1
38 3 1
38 4 1
38 5 1
40 12 1
41 2 1
41 7 1
41 8 1
41 9 1
41 10 1
41 11 1
42 3 1
42 4 1
42 5 1
42 6 1
44 9 3
