45 13 엘나스산맥 위험한골짜기2 dangerousCliff dangerousCliff 1 엘나스
0 3 3
0 7 1
1 8 1
2 9 1
2 10 1
2 11 1
3 3 1
3 12 1
4 2 1
4 3 1
4 4 1
4 5 1
4 6 1
5 0 1
5 1 1
5 7 1
5 8 1
5 10 1
6 9 1
7 3 1
7 4 1
7 5 1
7 12 1
8 0 1
8 1 1
8 2 1
8 3 1
9 8 1
9 9 1
10 0 2
10 3 1
10 4 1
10 5 1
10 10 1
11 1 1
11 2 1
11 6 1
11 11 1
11 12 1
12 0 1
12 7 1
14 3 1
14 4 1
14 5 1
14 9 1
15 4 1
15 6 1
15 7 1
15 8 1
15 9 1
15 10 1
15 11 1
15 12 1
16 1 1
16 3 1
16 4 1
17 0 1
17 9 1
17 10 1
18 7 1
18 8 1
19 3 1
19 4 1
19 5 1
19 6 1
20 1 1
20 2 1
20 3 1
20 11 1
21 0 1
21 10 1
22 5 1
22 6 1
22 7 1
22 8 1
22 9 1
22 10 1
22 11 1
23 3 1
23 4 1
23 12 1
24 3 1
25 2 1
25 7 1
25 8 1
25 9 1
26 6 1
26 11 1
27 1 1
27 5 1
27 12 1
28 1 1
28 5 1
28 6 1
28 10 1
28 12 1
29 0 1
29 1 1
29 2 1
29 3 1
29 4 1
29 7 1
29 8 1
29 9 1
30 8 1
30 12 1
31 9 1
32 3 1
32 4 1
33 0 1
33 5 1
33 6 1
33 7 1
33 8 1
33 9 1
33 10 1
34 5 1
34 11 1
34 12 1
36 2 1
36 8 1
36 9 1
37 3 1
37 5 1
37 6 1
37 7 1
38 2 1
38 3 1
38 4 1
38 8 1
39 0 1
39 1 1
39 12 1
40 9 1
40 10 1
40 11 1
41 6 1
41 7 1
41 8 1
44 8 3
