15 35 엘나스산맥 빙판길 elnathNear elnathNear 1 엘나스 elnath
0 3 1
0 12 1
0 13 1
0 14 1
0 25 1
0 34 1
1 2 1
1 9 1
1 10 1
1 11 1
1 23 1
1 24 1
2 2 1
2 8 1
2 14 2
2 19 1
2 20 1
2 21 1
2 22 1
2 23 1
2 31 1
3 2 1
3 14 1
3 15 1
3 24 1
3 30 1
4 3 1
4 9 1
4 10 1
4 13 1
4 25 1
4 27 1
4 28 1
4 29 1
4 34 3
5 0 1
5 8 1
5 26 1
6 5 1
6 6 1
6 7 1
6 8 1
6 16 1
6 20 1
6 21 1
7 7 1
7 16 1
7 18 1
7 19 1
8 7 1
8 14 1
8 15 1
8 16 1
8 17 1
8 27 1
8 28 1
8 29 1
9 0 3
9 15 1
9 25 1
9 26 1
9 27 1
10 9 1
10 10 1
10 15 1
10 23 1
10 24 1
10 28 1
11 6 1
11 7 1
11 8 1
11 19 1
11 22 1
11 29 1
11 34 1
12 4 1
12 5 1
12 18 1
12 22 1
12 32 1
12 33 1
13 1 1
13 13 1
13 14 1
13 15 1
13 16 1
13 17 1
13 22 1
13 29 1
13 30 1
13 31 1
14 0 1
14 12 1
