15 40 니할사막 아리안트 ariant ariant 0 아리안트 ariant
0 8 3
0 19 3
0 24 1
0 31 1
0 32 3
0 33 1
1 24 1
1 31 1
1 33 1
2 4 1
2 13 1
2 14 1
2 15 1
2 23 1
2 24 1
2 25 1
2 26 1
2 27 1
2 31 1
2 33 1
3 0 1
3 1 1
3 4 1
3 15 1
3 27 1
3 37 1
3 38 1
4 4 1
4 5 1
4 6 1
4 7 1
4 15 1
4 21 1
5 15 1
5 16 1
5 17 1
5 21 1
5 34 1
5 35 1
6 9 1
6 16 1
6 25 1
6 26 2
6 30 1
6 34 5
6 35 1
7 0 3
7 8 1
7 9 1
7 10 1
7 11 1
7 25 1
7 26 1
7 27 1
7 30 1
7 35 1
7 36 1
7 39 3
8 8 1
8 26 1
8 32 1
8 36 1
9 14 2
9 15 1
9 20 1
9 21 1
9 32 1
10 3 1
10 14 1
10 15 1
10 16 1
11 3 1
11 4 4
11 14 1
11 27 1
12 3 1
12 4 1
12 5 1
12 6 1
12 14 1
12 20 1
12 24 1
12 25 1
12 27 1
12 31 1
12 32 1
12 33 1
12 37 1
12 38 1
13 4 1
13 11 1
13 20 1
13 21 1
13 25 1
13 33 1
13 37 1
14 11 1
14 19 1
14 20 1
14 22 3
14 25 1
14 33 1
14 37 1
