50 70 니할사막 북쪽사막길1 ariantNear2 ariantNear2 1 아리안트 ariant
1 52 1
1 54 1
2 56 1
3 6 1
3 53 1
4 6 1
5 7 1
5 31 1
5 34 1
5 36 1
6 4 1
6 5 1
6 8 1
7 4 1
7 5 1
7 7 1
7 32 1
7 33 1
7 46 1
7 49 1
8 15 1
8 35 1
8 36 1
8 47 1
8 59 1
9 7 1
9 41 1
9 45 1
9 64 1
10 44 1
10 47 1
10 60 1
10 64 1
11 16 1
11 17 1
11 41 1
11 45 1
11 46 1
11 47 1
11 60 1
12 48 1
12 63 1
13 19 1
13 20 1
13 40 1
13 41 1
13 43 1
14 15 1
14 17 1
14 19 1
14 62 1
15 18 1
15 19 1
16 17 1
16 18 1
17 18 1
17 20 1
17 21 1
18 17 1
18 19 1
18 21 1
18 22 1
18 23 1
18 69 3
19 20 1
19 23 1
20 22 1
20 57 1
20 58 1
21 20 1
21 21 1
21 22 1
21 32 1
21 57 1
22 58 1
22 60 1
23 24 1
23 32 1
23 45 1
23 50 1
24 0 3
24 32 1
24 33 1
24 46 1
25 45 1
25 47 1
25 49 1
26 44 1
27 32 1
27 45 1
27 47 1
28 44 1
28 46 1
28 47 1
29 9 1
29 43 1
29 61 1
30 3 1
30 5 1
30 43 1
30 59 1
30 63 1
31 4 1
31 8 1
31 42 1
31 45 1
31 62 1
32 6 1
32 42 1
33 7 1
33 60 1
33 61 1
33 63 1
36 29 1
37 28 1
37 30 1
38 12 1
38 17 1
38 29 1
38 34 1
39 12 1
39 13 1
39 15 1
39 29 1
39 31 1
39 33 1
40 10 1
40 14 1
40 15 1
40 16 1
40 31 1
40 33 1
40 36 1
40 51 1
41 11 1
41 13 1
41 14 1
41 15 1
41 16 1
41 17 1
41 33 1
42 11 1
42 12 1
42 13 1
42 14 1
42 16 1
42 32 1
42 35 1
42 53 1
42 54 1
42 55 1
42 56 1
43 14 1
43 30 1
43 51 1
43 54 1
43 57 1
43 59 1
44 11 1
44 16 1
44 52 1
44 60 1
44 63 1
45 49 1
45 52 1
45 55 1
45 56 1
45 59 1
45 60 1
46 57 1
47 52 1
48 56 1
48 60 1
