30 15 니할사막 아리안트궁전지하2층 ariantPalace ariant 0 아리안트
0 5 3
0 13 1
1 1 1
1 2 1
1 3 1
1 4 1
1 6 1
1 7 1
1 8 1
1 9 1
1 11 1
1 12 1
1 13 1
2 9 1
2 11 1
3 0 1
3 1 1
3 3 1
3 4 1
3 5 1
3 7 1
3 9 1
3 11 1
3 13 1
4 1 1
4 3 1
4 5 1
4 7 1
4 9 1
4 11 1
4 12 1
4 13 1
5 3 1
5 7 1
6 1 1
6 2 1
6 3 1
6 5 1
6 7 1
6 9 1
6 10 1
6 11 1
6 13 1
6 14 1
7 9 1
7 13 1
8 0 1
8 1 1
8 3 1
8 4 1
8 5 1
8 6 1
8 7 1
8 9 1
8 11 1
8 13 1
9 5 6
9 10 6
9 11 1
10 0 1
10 1 1
10 2 1
10 3 1
10 4 1
10 6 1
10 7 1
10 8 1
10 10 1
10 11 1
10 12 1
10 14 1
11 13 6
12 0 1
12 2 1
12 3 1
12 4 1
12 6 1
12 7 1
12 9 1
12 11 1
12 12 1
12 13 1
13 0 1
13 2 1
13 3 6
13 9 1
13 12 6
13 13 1
14 0 1
14 2 1
14 3 6
14 9 1
14 12 6
14 13 1
15 0 1
15 2 1
15 3 1
15 4 1
15 6 1
15 7 1
15 9 1
15 11 1
15 12 1
15 13 1
16 4 1
16 6 1
17 1 1
17 3 1
17 4 1
17 6 1
17 9 1
17 11 1
17 13 1
18 1 1
18 4 1
18 6 1
18 8 1
18 9 1
18 11 1
18 13 1
19 1 1
19 6 1
19 9 1
19 11 1
19 13 1
19 14 6
20 1 1
20 2 1
20 3 1
20 4 1
20 6 1
20 7 1
20 9 1
20 10 1
20 11 1
20 13 1
20 14 1
22 1 1
22 3 1
22 4 1
22 5 1
22 7 1
22 8 1
22 9 1
22 11 1
22 12 1
22 13 1
23 5 1
24 0 1
24 1 1
24 3 1
24 5 1
24 7 1
24 9 1
24 10 1
24 11 6
24 12 1
24 13 1
25 3 1
25 5 1
25 6 6
25 7 1
25 9 1
25 13 1
26 1 1
26 3 1
26 5 1
26 6 1
26 7 1
26 9 1
26 11 2
26 13 1
27 1 1
27 9 1
27 13 1
28 1 1
28 2 1
28 3 1
28 4 1
28 5 1
28 6 1
28 7 1
28 9 1
28 10 1
28 11 1
28 13 1
29 5 1
