50 70 니할사막 북쪽사막길2 ariantNear2 ariantNear2 1 아리안트 ariant
1 9 1
2 11 1
3 6 1
3 7 1
4 8 1
4 10 1
4 36 1
5 6 1
5 7 1
5 34 1
5 37 1
5 38 1
5 63 1
6 6 1
6 8 1
6 9 1
6 10 1
6 36 1
6 63 1
7 5 1
7 7 1
7 8 1
7 9 1
7 38 1
7 59 1
8 4 1
8 7 1
8 10 1
8 11 1
8 12 1
8 33 1
8 35 1
8 61 1
9 2 1
9 5 1
9 8 1
9 9 1
9 12 1
9 36 1
9 37 1
9 38 1
9 62 1
9 64 1
10 5 1
10 13 1
10 25 1
11 21 1
11 22 1
11 23 1
11 24 1
11 34 1
11 37 1
11 49 1
11 59 1
12 20 1
12 23 1
12 34 1
12 35 1
12 37 1
12 52 1
13 21 1
13 23 1
13 35 1
13 36 1
13 51 1
13 55 1
13 58 1
14 23 1
14 25 1
14 34 1
14 36 1
14 52 1
14 55 1
14 57 1
15 22 1
15 25 1
15 36 1
15 37 1
15 51 1
15 53 1
15 54 1
15 56 1
16 0 3
16 23 1
16 48 1
16 49 1
16 51 1
16 53 1
16 56 1
17 23 1
17 50 1
17 51 1
17 55 1
17 56 1
17 59 1
18 13 1
18 19 1
18 20 1
18 22 1
18 49 1
18 53 1
18 58 1
19 14 1
19 20 1
19 21 1
19 48 1
19 49 1
19 54 1
20 16 1
20 17 1
20 18 1
20 20 1
21 14 1
21 18 1
21 21 1
21 49 1
22 15 1
22 16 1
22 18 1
22 20 1
22 21 1
23 15 1
23 20 1
23 30 1
24 18 1
24 19 1
24 20 1
25 31 1
25 33 1
25 38 1
25 69 3
26 15 1
26 31 1
26 32 1
26 36 1
26 39 1
26 40 1
26 42 1
27 32 1
27 36 1
27 37 1
27 39 1
27 42 1
28 17 1
28 35 1
28 39 1
28 41 1
28 43 1
29 16 1
29 37 1
29 38 1
29 40 1
29 41 1
29 42 1
29 56 1
29 57 1
30 41 1
30 50 1
30 60 1
31 12 1
31 15 1
31 40 1
31 41 1
31 43 1
31 45 1
31 48 1
31 58 1
32 27 1
32 28 1
32 44 1
32 59 1
33 11 1
33 13 1
33 43 1
33 46 1
34 9 1
34 29 1
34 46 1
35 11 1
35 27 1
35 30 1
35 32 1
35 34 1
35 49 1
36 2 1
36 28 1
36 32 1
36 35 1
37 28 1
37 31 1
37 32 1
37 33 1
38 3 1
38 34 1
39 4 1
39 35 1
40 3 1
40 25 1
40 64 1
41 4 1
42 3 1
42 6 1
42 27 1
42 28 1
42 48 1
42 51 1
42 63 1
43 6 1
43 29 1
43 66 1
43 67 1
44 4 1
44 5 1
44 6 1
44 26 1
44 46 1
44 49 1
44 64 1
45 6 1
45 8 1
45 26 1
45 65 1
46 6 1
46 7 1
46 10 1
47 10 1
48 7 1
48 10 1
49 10 1
