30 15 니할사막 아리안트궁전지하1층 ariantPalace ariant 0 아리안트
0 0 3
1 1 1
1 2 1
1 3 1
1 4 1
1 6 1
1 7 1
1 8 1
1 10 1
1 11 1
1 12 1
1 13 1
2 13 1
3 0 1
3 1 1
3 2 1
3 3 1
3 4 1
3 6 1
3 7 1
3 8 1
3 9 1
3 10 1
3 11 1
4 1 1
4 4 1
4 6 1
4 11 1
4 13 1
5 1 1
5 3 1
5 4 1
5 6 1
5 8 1
5 9 1
5 10 6
5 13 1
6 1 1
6 11 1
6 13 1
7 1 1
7 3 1
7 4 1
7 5 1
7 6 1
7 8 1
7 9 1
7 10 1
7 11 1
7 13 1
8 3 1
8 13 1
9 1 1
9 2 6
9 5 1
9 6 1
9 7 1
9 8 1
9 10 1
9 11 1
9 13 1
9 14 1
10 1 1
10 2 1
10 3 1
10 10 1
10 11 1
10 12 6
11 1 1
11 3 1
11 5 1
11 6 1
11 7 1
11 8 1
11 10 1
11 11 1
11 12 1
11 13 1
13 0 1
13 1 1
13 3 1
13 4 1
13 5 1
13 6 1
13 7 1
13 9 1
13 10 1
13 12 1
13 13 1
14 1 1
14 9 1
15 1 1
15 3 1
15 4 1
15 5 1
15 6 1
15 7 1
15 8 1
15 9 1
15 11 1
15 12 1
15 13 1
16 5 1
16 12 1
16 13 1
16 14 1
17 1 1
17 2 6
17 3 1
17 8 1
17 9 6
17 10 1
17 13 1
18 1 1
18 2 1
18 3 1
18 5 1
18 6 1
18 7 1
18 8 1
18 9 1
18 10 1
18 11 1
18 13 1
19 1 1
19 5 6
19 6 1
19 7 6
19 8 1
19 9 1
19 10 6
19 11 1
20 13 1
21 1 1
21 2 1
21 3 1
21 4 1
21 5 1
21 7 1
21 9 1
21 10 1
21 11 1
21 12 1
21 13 1
22 1 1
22 13 6
23 0 1
23 1 1
23 3 1
23 5 1
23 7 1
23 9 1
23 10 1
23 11 1
23 13 1
24 1 6
24 3 1
24 5 1
24 7 1
24 13 1
25 1 1
25 3 1
25 5 1
25 7 1
25 9 1
25 10 1
25 11 1
25 13 1
26 1 1
26 7 1
26 9 1
27 1 1
27 2 1
27 3 1
27 5 1
27 6 1
27 7 1
27 9 1
27 11 1
27 12 1
27 13 1
27 14 1
28 8 6
29 11 3
