7 35 니할사막 비밀연구소2구역 magatiaNear magatia 6 마가티아 alcadno
0 0 1
0 4 1
0 6 2
0 10 1
0 12 1
0 19 1
0 22 1
0 28 1
0 29 1
0 30 1
0 31 1
0 34 1
1 0 1
1 3 1
1 4 1
1 5 1
1 10 1
1 12 1
1 14 1
1 16 1
1 17 1
1 19 1
1 22 1
1 23 1
1 29 1
1 33 2
1 34 1
2 0 1
2 5 1
2 6 1
2 9 1
2 10 1
2 14 1
2 17 1
2 23 1
2 24 1
2 26 1
2 27 1
2 32 1
2 33 1
2 34 1
3 12 1
3 13 1
3 14 1
3 19 1
3 20 1
3 21 1
3 27 1
3 30 1
3 31 1
3 32 1
3 34 3
4 0 1
4 2 1
4 7 1
4 21 1
4 24 1
4 25 1
4 27 1
4 34 1
5 0 1
5 2 1
5 3 1
5 4 1
5 7 1
5 8 1
5 10 1
5 13 1
5 16 1
5 17 1
5 24 1
5 31 1
5 34 1
6 0 1
6 10 1
6 13 1
6 16 1
6 17 2
6 20 1
6 23 1
6 24 1
6 25 1
6 30 1
6 31 1
6 34 1
