9 30 니할사막 C-1구역 magatiaNear magatia 1 마가티아
0 5 1
0 6 1
0 17 1
0 24 1
1 1 1
1 2 1
1 3 1
1 10 1
1 11 1
1 12 1
1 15 1
1 16 1
1 17 1
1 18 1
1 24 1
1 26 1
1 28 1
1 29 1
2 3 1
2 7 1
2 12 1
2 20 1
2 21 1
2 22 1
2 26 1
3 3 1
3 7 1
3 10 1
3 12 1
3 14 1
3 15 1
3 16 1
3 18 1
3 20 1
3 26 1
3 27 1
4 0 3
4 7 1
4 18 1
4 22 1
4 23 1
5 1 1
5 5 1
5 6 1
5 7 1
5 8 1
5 10 1
5 11 1
5 15 1
5 18 1
5 22 1
5 26 1
5 27 1
6 1 1
6 6 1
6 10 1
6 15 1
6 20 1
6 21 1
6 22 1
6 28 1
7 1 1
7 2 1
7 3 1
7 6 1
7 13 1
7 14 1
7 15 1
7 24 1
7 25 1
7 28 1
8 8 1
8 9 1
8 10 1
8 15 3
8 18 1
8 19 1
8 20 1
8 25 1
8 28 1
