25 35 미나르숲 리프레동쪽숲 leafreNear leafreNear 1 리프레
1 10 1
1 12 1
1 16 1
1 23 1
1 24 1
2 2 1
2 8 1
2 9 1
2 20 1
2 21 1
2 22 1
2 23 1
2 31 1
2 32 1
3 6 1
3 7 1
3 19 1
3 28 1
3 29 1
4 5 1
4 13 1
4 27 1
4 33 1
4 34 1
5 9 1
5 21 1
5 22 1
5 32 1
6 4 1
6 18 1
6 19 1
6 20 1
6 21 1
7 0 3
7 11 1
7 12 1
7 16 1
7 17 1
7 25 1
7 26 1
7 27 1
7 31 1
7 34 1
8 10 1
8 15 1
8 24 1
8 33 1
9 7 1
9 8 1
9 9 1
9 22 1
9 23 1
9 32 1
10 18 1
10 29 1
10 30 1
11 4 1
11 15 1
11 16 1
11 17 1
11 25 1
11 26 1
11 27 1
11 28 1
12 2 1
12 3 1
12 12 1
12 13 1
12 14 1
12 24 1
13 7 1
13 11 1
13 32 1
14 7 1
14 20 1
14 21 1
14 29 1
15 1 1
15 6 1
15 12 1
15 13 1
15 18 1
15 19 1
16 5 1
16 9 1
16 10 1
16 11 1
16 24 1
16 25 1
16 26 1
17 2 1
17 3 1
17 4 1
17 16 1
17 20 1
17 21 1
17 23 1
17 30 1
17 31 1
17 32 1
18 14 1
18 15 1
18 29 1
19 5 1
19 12 1
19 13 1
20 0 1
20 10 1
20 11 1
20 21 1
20 22 1
21 9 1
21 10 1
21 28 1
22 4 1
22 5 1
22 19 1
22 33 1
23 2 1
23 3 1
23 15 1
23 16 1
23 26 1
24 9 1
24 13 1
24 14 1
24 15 1
24 21 3
24 30 1
