25 35 미나르숲 리프레서쪽숲 leafreNear leafreNear 1 리프레
1 30 1
2 1 1
2 12 1
2 18 1
2 23 1
3 2 1
3 3 1
3 4 1
3 24 1
4 5 1
4 8 1
4 13 1
4 25 1
4 26 1
5 20 1
5 29 1
5 30 1
5 31 1
6 0 1
6 3 1
6 13 1
6 14 1
6 32 1
6 33 1
7 4 1
7 5 1
7 10 1
7 11 1
7 14 1
7 15 1
7 16 1
8 6 1
8 12 1
8 18 1
8 23 1
8 24 1
8 25 1
8 31 1
9 2 1
9 26 1
9 27 1
9 34 3
10 5 1
10 6 1
10 15 1
10 16 1
10 28 1
10 29 1
11 7 1
11 8 1
11 11 1
11 17 1
11 21 1
11 22 1
11 33 1
12 0 1
12 9 1
12 23 1
12 24 1
12 28 1
13 14 1
13 15 1
13 25 1
14 5 1
14 16 1
14 26 1
15 6 1
15 17 1
15 18 1
15 22 1
15 30 1
15 31 1
16 7 1
16 8 1
16 9 1
16 13 1
16 32 1
17 2 1
17 3 1
17 24 1
17 33 1
17 34 1
18 5 1
18 17 1
18 18 1
18 19 1
18 27 1
18 28 1
19 10 1
19 20 1
19 29 1
20 13 1
20 14 1
20 21 1
20 30 1
20 31 1
21 2 1
21 7 1
21 15 1
21 25 1
22 8 1
22 9 1
22 10 1
22 16 1
22 17 1
22 28 1
22 29 1
23 5 1
23 30 1
24 13 3
24 19 1
24 24 1
24 31 1
