30 20 미나르숲 하늘둥지 leafreNear leafreNear 1 리프레 leafre
0 10 3
1 0 1
2 1 1
3 0 1
3 13 1
4 12 1
4 14 1
5 1 1
5 2 1
5 6 1
5 7 1
5 15 1
5 18 1
6 0 1
6 3 1
6 5 1
6 8 1
6 19 1
7 4 1
8 9 1
8 13 1
8 14 1
8 18 1
8 19 1
9 8 1
9 12 1
9 15 1
9 17 1
10 0 1
10 16 1
11 1 1
12 0 1
12 5 1
12 13 1
13 4 1
13 6 1
13 12 1
13 18 1
14 0 3
14 3 1
14 19 1
16 10 1
16 11 1
16 15 1
16 16 1
17 9 1
17 12 1
17 14 1
17 17 1
18 4 1
18 13 1
19 5 1
20 1 1
20 6 1
20 19 1
21 0 1
21 11 1
21 18 1
22 12 1
22 16 1
22 19 1
23 2 1
23 3 1
23 7 1
23 8 1
23 15 1
24 1 1
24 4 1
24 6 1
24 9 1
25 5 1
26 12 1
27 0 1
27 11 1
27 13 1
27 17 1
28 1 1
28 6 1
28 18 1
29 0 1
29 5 1
29 9 3
