15 30 미나르숲 리프레 leafre leafre 0 리프레 leafre
0 10 1
0 14 3
1 0 1
1 7 1
1 8 1
1 11 1
1 17 1
1 22 1
2 1 1
2 3 1
2 4 1
2 18 1
2 23 1
2 26 1
2 27 1
3 2 1
3 24 1
3 25 1
4 6 1
4 8 2
4 10 1
4 15 1
4 17 5
4 19 1
4 29 1
5 4 1
5 5 1
5 7 1
5 9 1
5 11 1
5 14 1
5 16 1
5 18 1
5 20 1
6 8 1
6 17 1
6 22 1
6 24 2
6 26 1
6 27 1
7 0 3
7 4 1
7 23 1
7 25 1
7 29 3
8 5 1
8 13 1
8 24 1
9 12 1
9 19 1
10 0 1
10 4 1
10 5 1
10 7 1
10 9 4
10 17 2
10 20 1
10 21 1
10 23 2
11 1 1
11 3 1
11 11 1
11 15 1
11 22 1
11 24 1
11 25 1
11 26 1
11 27 1
12 2 1
12 8 1
12 9 1
12 10 1
12 12 1
12 14 1
12 16 1
12 17 1
12 23 1
13 5 1
13 13 1
13 20 1
14 4 1
14 19 1
14 28 1
