16 45 미나르숲 용의숲1 dragonForest dragonForest 1 리프레
0 11 1
0 15 1
0 29 1
0 33 1
1 1 1
1 12 1
1 14 1
1 20 1
1 24 1
1 30 1
1 32 1
1 36 1
1 40 1
2 13 1
2 21 1
2 23 1
2 31 1
2 37 1
2 39 1
3 4 1
3 8 1
3 13 1
3 22 1
3 27 1
3 31 1
3 34 1
3 38 1
3 42 1
4 5 1
4 7 1
4 10 1
4 13 1
4 18 1
4 22 1
4 31 1
4 38 1
5 6 1
5 13 1
5 22 1
5 31 1
5 37 1
5 38 1
5 39 1
6 0 3
6 4 1
6 5 1
6 6 1
6 7 1
6 8 1
6 20 1
6 21 1
6 22 1
6 23 1
6 24 1
6 25 1
6 36 1
6 40 1
7 3 1
7 19 1
7 26 1
7 29 1
7 38 1
7 41 1
8 0 1
8 1 1
8 2 1
8 10 1
8 15 1
8 16 1
8 17 1
8 18 1
8 27 1
8 34 1
8 44 3
9 5 1
9 11 1
9 12 1
9 13 1
9 14 1
9 21 1
9 28 1
9 29 1
9 30 1
9 31 1
9 32 1
9 33 1
10 7 1
10 14 1
10 23 1
10 26 1
10 31 1
10 37 1
11 7 1
11 13 1
11 15 1
11 23 1
11 31 1
11 37 1
11 41 1
12 7 1
12 12 1
12 16 1
12 19 1
12 23 1
12 30 1
12 32 1
12 37 1
13 1 1
13 7 1
13 23 1
13 29 1
13 33 1
13 37 1
14 6 1
14 8 1
14 22 1
14 24 1
14 36 1
14 38 1
14 43 1
15 5 1
15 9 1
15 13 1
15 21 1
15 25 1
15 30 1
15 35 1
15 39 1
