33 35 미나르숲 켄타우로스의영역 leafreNear leafreNear 1 리프레
0 9 1
0 17 1
0 25 1
1 8 1
1 10 1
1 16 1
1 18 1
1 24 1
1 26 1
2 7 1
2 11 1
2 15 1
2 19 1
2 23 1
2 27 1
3 6 1
3 12 1
3 14 1
3 20 1
3 22 1
3 28 1
4 5 1
4 9 1
4 13 1
4 17 1
4 21 1
4 25 1
4 29 1
5 4 1
5 8 1
5 12 1
5 16 1
5 18 1
5 22 1
5 26 1
5 30 1
6 3 1
6 7 1
6 11 1
6 15 1
6 19 1
6 23 1
6 27 1
6 31 1
7 2 1
7 6 1
7 10 1
7 14 1
7 20 1
7 24 1
7 28 1
7 32 1
8 1 1
8 5 1
8 9 1
8 17 1
8 25 1
8 29 1
8 33 1
9 2 1
9 8 1
9 10 1
9 16 1
9 18 1
9 24 1
9 26 1
9 32 1
10 3 1
10 11 1
10 23 1
10 31 1
11 4 1
11 6 1
11 12 1
11 14 1
11 20 1
11 22 1
11 28 1
11 30 1
12 5 1
12 13 1
12 17 1
12 21 1
12 29 1
13 4 1
13 8 1
13 12 1
13 16 1
13 18 1
13 22 1
13 26 1
13 30 1
14 3 1
14 7 1
14 15 1
14 19 1
14 27 1
14 31 1
15 2 1
15 6 1
15 10 1
15 24 1
15 28 1
15 32 1
16 0 3
16 5 1
16 9 1
16 13 1
16 17 1
16 21 1
16 25 1
16 29 1
16 34 3
17 2 1
17 6 1
17 10 1
17 24 1
17 28 1
17 32 1
18 3 1
18 7 1
18 15 1
18 19 1
18 27 1
18 31 1
19 4 1
19 8 1
19 12 1
19 16 1
19 18 1
19 22 1
19 26 1
19 30 1
20 5 1
20 13 1
20 17 1
20 21 1
20 29 1
21 4 1
21 6 1
21 12 1
21 14 1
21 20 1
21 22 1
21 28 1
21 30 1
22 3 1
22 11 1
22 23 1
22 31 1
23 2 1
23 8 1
23 10 1
23 16 1
23 18 1
23 24 1
23 26 1
23 32 1
24 1 1
24 5 1
24 9 1
24 17 1
24 25 1
24 29 1
24 33 1
25 2 1
25 6 1
25 10 1
25 14 1
25 20 1
25 24 1
25 28 1
25 32 1
26 3 1
26 7 1
26 11 1
26 15 1
26 19 1
26 23 1
26 27 1
26 31 1
27 4 1
27 8 1
27 12 1
27 16 1
27 18 1
27 22 1
27 26 1
27 30 1
28 5 1
28 9 1
28 13 1
28 17 1
28 21 1
28 25 1
28 29 1
29 6 1
29 12 1
29 14 1
29 20 1
29 22 1
29 28 1
30 7 1
30 11 1
30 15 1
30 19 1
30 23 1
30 27 1
31 8 1
31 10 1
31 16 1
31 18 1
31 24 1
31 26 1
32 9 1
32 17 1
32 25 1
