40 10 빅토리아아일랜드 군영 militaryCamp militaryCamp 1
2 0 1
2 1 1
2 2 1
2 3 1
2 4 1
2 5 1
2 6 1
3 4 1
4 4 1
7 2 1
7 3 1
7 4 1
7 5 1
7 6 1
7 7 1
7 8 1
7 9 1
10 6 1
11 6 1
12 0 1
12 1 1
12 2 1
12 3 1
12 4 1
12 5 1
12 6 1
12 7 1
13 3 1
14 0 3
14 3 1
17 2 1
17 3 1
17 4 1
17 5 1
17 6 1
17 7 1
17 8 1
17 9 1
20 5 1
21 5 1
22 0 1
22 1 1
22 2 1
22 3 1
22 4 1
22 5 1
22 6 1
22 7 1
23 3 1
24 3 1
27 2 1
27 3 1
27 4 1
27 5 1
27 6 1
27 7 1
27 8 1
27 9 1
28 7 1
29 7 1
30 3 1
31 3 1
32 0 1
32 1 1
32 2 1
32 3 1
32 4 1
32 5 1
32 6 1
32 7 1
33 6 1
34 6 1
35 2 1
36 2 1
37 2 1
37 3 1
37 4 1
37 5 1
37 6 1
37 7 1
37 8 1
37 9 1
