15 35 빅토리아아일랜드 샤레니안왕성2 sharenianCastle sharenianCastle 6 페리온 sharenianCastle
0 11 1
0 28 1
0 30 3
1 11 1
1 15 1
1 16 1
1 17 1
1 28 1
2 0 1
2 1 1
2 2 1
2 3 1
2 4 1
2 5 1
2 6 1
2 11 1
2 17 1
2 18 1
2 19 1
2 22 1
2 28 1
2 29 1
2 30 1
2 31 1
3 6 1
3 11 1
3 19 1
3 22 1
3 29 1
4 6 1
4 7 1
4 8 1
4 9 1
4 10 1
4 11 1
4 12 1
4 13 1
4 14 1
4 15 1
4 19 1
4 20 1
4 21 1
4 22 1
4 23 1
4 24 1
4 25 1
4 29 1
4 33 1
4 34 1
5 2 1
5 6 1
5 15 1
5 19 1
5 29 1
6 0 3
6 2 1
6 6 1
6 10 1
6 15 1
6 19 1
6 21 1
6 22 1
6 23 1
6 24 1
6 25 1
6 26 1
6 27 1
6 28 1
6 29 1
6 30 1
6 31 1
7 2 1
7 10 1
7 11 1
7 12 1
7 15 1
7 19 1
7 25 1
7 31 1
7 32 1
8 0 1
8 1 1
8 2 1
8 15 1
8 19 1
8 20 1
8 21 1
8 22 1
8 23 1
8 25 1
8 32 1
9 6 1
9 7 1
9 8 1
9 9 1
9 10 1
9 11 1
9 12 1
9 13 1
9 14 1
9 15 1
9 22 1
9 25 1
9 28 1
9 32 1
10 6 1
10 15 1
10 22 1
10 25 1
10 28 1
10 32 1
11 1 1
11 2 1
11 3 1
11 6 1
11 19 1
11 22 1
11 28 1
11 32 1
12 3 1
12 6 1
12 7 1
12 8 1
12 9 1
12 10 1
12 19 1
12 20 1
12 21 1
12 22 1
12 23 1
12 24 1
12 25 1
12 28 1
13 3 1
13 7 1
13 13 1
13 14 1
13 15 1
13 16 1
13 18 1
13 19 1
13 25 1
13 28 1
14 3 1
14 13 1
14 25 1
14 28 1
