20 20 빅토리아아일랜드 페리온 pellionNear pellion 1 페리온 pellion
0 0 1
0 4 1
0 5 1
0 12 1
1 1 1
1 6 1
1 7 1
1 12 1
2 2 1
2 7 1
2 8 1
2 13 1
2 14 1
2 19 3
3 13 1
3 15 1
3 16 1
4 5 4
4 12 1
5 3 1
5 8 1
5 11 1
5 15 2
6 4 1
6 5 1
6 7 1
6 19 1
7 6 1
7 7 1
7 9 7
7 15 1
7 16 1
7 17 1
7 18 1
8 0 1
8 1 1
8 8 1
8 9 1
8 13 1
8 14 1
9 2 1
9 12 1
10 0 3
10 5 1
10 9 2
10 17 1
11 3 1
11 4 1
11 7 1
11 16 1
11 18 5
12 2 1
12 8 1
12 9 1
12 12 1
12 16 1
13 0 1
13 1 1
13 7 1
13 10 1
13 11 1
13 15 1
13 16 1
13 17 1
13 18 1
13 19 1
14 6 1
14 11 1
15 4 1
15 5 1
16 2 2
16 5 1
16 13 2
16 16 1
17 0 1
17 5 1
17 6 1
17 9 1
17 17 1
17 18 1
17 19 3
18 1 1
18 10 1
18 11 1
18 12 1
18 13 1
18 19 1
19 2 1
19 3 1
19 14 1
