25 20 빅토리아아일랜드 페리온서쪽길목 pellionNear pellion 1
0 1 1
0 7 1
0 8 1
0 9 1
1 2 1
1 7 1
1 10 1
1 16 1
2 4 1
2 11 1
2 17 1
3 0 1
3 5 1
3 12 1
3 13 1
3 18 1
4 1 1
4 6 1
4 14 1
4 18 1
5 9 1
5 15 1
6 2 1
6 7 1
6 8 1
6 9 1
6 10 1
6 11 1
6 18 1
6 19 1
7 2 1
7 5 1
7 6 1
7 14 1
8 0 3
8 2 1
8 5 1
8 13 1
8 17 1
9 0 1
9 1 1
9 2 1
9 5 1
9 9 1
9 12 1
9 18 1
10 5 1
10 6 1
10 10 1
10 16 1
10 17 1
11 4 1
11 14 1
11 15 1
12 2 1
12 3 1
12 4 1
12 7 1
12 12 1
12 13 1
12 14 1
13 2 1
13 7 1
13 10 1
13 11 1
13 14 1
13 17 1
13 18 1
13 19 1
14 2 1
14 10 1
14 14 1
14 17 1
15 4 1
15 10 1
15 17 1
15 19 3
16 3 1
16 7 1
16 10 1
16 17 1
17 0 1
17 1 1
17 2 1
17 9 1
17 14 1
17 15 1
17 16 1
17 17 1
18 8 1
18 12 1
18 13 1
19 1 1
19 5 1
19 6 1
19 7 1
19 8 1
19 9 1
20 0 1
20 2 1
20 4 1
20 10 1
20 16 1
21 4 1
21 7 1
21 14 1
21 17 1
21 18 1
21 19 1
22 1 1
22 7 1
22 10 1
22 13 1
23 2 1
23 6 1
23 7 1
23 8 1
23 13 1
23 15 1
24 3 1
24 4 1
24 9 1
24 10 1
24 13 1
24 19 1
