15 35 빅토리아아일랜드 샤레니안왕성1 sharenianCastle sharenianCastle 5 페리온 sharenianCastle
0 9 1
0 19 1
0 25 1
1 9 1
1 19 1
1 25 1
2 9 1
2 10 1
2 11 1
2 12 1
2 13 1
2 14 1
2 15 1
2 16 1
2 19 1
2 25 1
2 32 1
3 4 1
3 5 1
3 6 1
3 7 1
3 8 1
3 9 1
3 19 1
3 25 1
3 32 1
4 9 1
4 19 1
4 22 1
4 23 1
4 24 1
4 25 1
4 26 1
4 27 1
4 28 1
4 32 1
4 34 3
5 9 1
5 19 1
5 28 1
5 31 1
5 32 1
5 33 1
5 34 1
6 3 1
6 9 1
6 12 1
6 16 1
6 28 1
7 0 3
7 3 1
7 9 1
7 12 1
7 16 1
7 28 1
8 3 1
8 7 1
8 8 1
8 9 1
8 12 1
8 16 1
8 17 1
8 18 1
8 19 1
8 20 1
8 21 1
8 22 1
8 23 1
8 28 1
9 3 1
9 7 1
9 12 1
9 20 1
9 28 1
10 0 1
10 1 1
10 2 1
10 3 1
10 7 1
10 12 1
10 20 1
10 26 1
10 27 1
10 28 1
10 29 1
10 30 1
10 31 1
10 32 1
11 7 1
11 8 1
11 9 1
11 10 1
11 11 1
11 12 1
11 13 1
11 20 1
11 30 1
12 7 1
12 16 1
12 17 1
12 18 1
12 19 1
12 20 1
12 30 1
13 3 1
13 16 1
14 3 1
14 16 1
14 25 1
