35 35 빅토리아아일랜드 와일드보어의땅1 pellionNear pellion 1 페리온 pellion
0 5 1
0 6 1
0 15 1
0 17 1
0 23 1
0 27 1
0 28 1
0 31 1
0 32 1
1 2 1
1 7 1
1 8 1
1 10 1
1 12 1
1 13 1
1 14 1
1 18 1
1 19 1
1 24 1
1 25 1
1 26 1
1 28 1
1 33 1
1 34 1
2 3 1
2 9 1
2 20 1
2 21 1
2 24 1
2 30 1
3 2 1
3 3 1
3 4 1
3 5 1
3 6 1
3 7 1
3 13 1
3 14 1
3 15 1
3 17 1
3 23 1
3 24 1
3 26 1
3 27 1
3 28 1
3 31 1
3 32 1
4 8 1
4 13 1
4 16 1
4 17 1
4 20 1
4 21 1
4 26 1
4 29 1
4 33 1
5 3 1
5 6 1
5 8 1
5 9 1
5 10 1
5 11 1
5 12 1
5 18 1
5 22 1
5 24 1
5 25 1
5 29 1
5 34 1
6 1 1
6 2 1
6 4 1
6 5 1
6 9 1
6 13 1
6 19 1
6 23 1
6 30 1
6 31 1
7 0 1
7 7 1
7 11 1
7 16 1
7 19 1
7 20 1
7 23 1
7 27 1
7 31 1
7 32 1
8 8 1
8 10 1
8 14 1
8 20 1
8 21 1
8 24 1
8 27 1
8 30 1
9 2 1
9 9 1
9 13 1
9 16 1
9 17 1
9 19 1
9 22 1
9 24 1
9 26 1
9 28 1
9 30 1
9 31 1
9 32 1
10 3 1
10 5 1
10 12 1
10 15 1
10 19 1
10 26 1
10 28 1
10 32 1
10 33 1
10 34 1
11 3 1
11 4 1
11 7 1
11 12 1
11 15 1
11 19 1
11 28 1
11 32 1
11 34 3
12 2 1
12 7 1
12 8 1
12 13 1
12 16 1
12 18 1
12 23 1
12 28 1
12 29 1
12 32 1
13 0 1
13 1 1
13 2 1
13 7 1
13 9 1
13 16 1
13 17 1
13 18 1
13 23 1
13 27 1
13 30 1
13 31 1
13 32 1
14 2 1
14 4 1
14 9 1
14 12 1
14 17 1
14 20 1
14 23 1
14 26 1
15 5 1
15 9 1
15 13 1
15 14 1
15 15 1
15 16 1
15 21 1
15 23 1
15 24 1
15 25 1
15 26 1
15 30 1
16 2 1
16 7 1
16 8 1
16 10 1
16 16 1
16 21 1
16 26 1
16 28 1
16 29 1
17 0 3
17 3 1
17 6 1
17 13 1
17 16 1
17 19 1
17 20 1
17 26 1
17 30 1
17 31 1
17 33 1
17 34 1
18 2 1
18 3 1
18 6 1
18 8 1
18 13 1
18 17 1
18 19 1
18 20 1
18 21 1
18 25 1
18 26 1
18 32 1
19 1 1
19 2 1
19 8 1
19 9 1
19 10 1
19 13 1
19 19 1
19 23 1
19 24 1
19 27 1
20 0 1
20 4 1
20 13 1
20 15 1
20 19 1
20 28 1
20 30 1
20 31 1
20 32 1
21 4 1
21 5 1
21 6 1
21 12 1
21 15 1
21 16 1
21 28 1
22 3 1
22 7 1
22 11 1
22 17 1
22 18 1
22 19 1
22 22 1
22 27 1
22 32 1
23 2 1
23 8 1
23 9 1
23 19 1
23 20 1
23 26 1
23 31 1
23 32 1
24 10 1
24 11 1
24 12 1
24 13 1
24 14 1
24 15 1
24 17 1
24 18 1
24 19 1
24 22 1
24 27 1
24 28 1
24 29 1
24 30 1
25 8 1
25 9 1
25 16 1
25 25 1
25 26 1
25 27 1
26 3 1
26 4 1
26 5 1
26 6 1
26 8 1
26 24 1
26 28 1
26 29 1
26 30 1
27 6 1
27 10 1
27 11 1
27 19 1
27 20 1
27 21 1
27 22 1
27 23 1
27 31 1
27 32 1
28 0 1
28 5 1
28 8 1
28 12 1
28 15 1
28 16 1
28 17 1
28 18 1
28 20 1
28 26 1
28 34 1
29 1 1
29 4 1
29 5 1
29 8 1
29 13 1
29 14 1
29 21 1
29 22 1
29 27 1
29 28 1
29 33 1
30 7 1
30 19 1
30 23 1
30 29 1
30 31 1
30 32 1
31 3 1
31 4 1
31 7 1
31 17 1
31 18 1
31 19 1
31 25 1
31 30 1
32 2 1
32 8 1
32 13 1
32 16 1
32 17 1
32 23 1
32 24 1
32 27 1
33 3 1
33 4 1
33 6 1
33 7 1
33 8 1
33 11 1
33 12 1
33 16 1
33 22 1
33 26 1
33 31 1
33 33 1
34 4 1
34 10 1
34 17 1
34 21 1
34 26 1
34 29 1
34 31 1
34 34 1
