37 21 시간의신전 후회의길2 templeOfTimeNear1 templeOfTimeNear2 1 시간의신전 templeOfTime2
0 0 1
0 4 1
0 8 1
0 10 3
0 12 1
0 16 1
0 20 1
4 0 1
4 4 1
4 8 1
4 12 1
4 16 1
4 20 1
8 0 1
8 4 1
8 8 1
8 12 1
8 16 1
8 20 1
12 0 1
12 4 1
12 8 1
12 12 1
12 16 1
12 20 1
16 0 1
16 4 1
16 8 1
16 12 1
16 16 1
16 20 1
20 0 1
20 4 1
20 8 1
20 12 1
20 16 1
20 20 1
24 0 1
24 4 1
24 8 1
24 12 1
24 16 1
24 20 1
28 0 1
28 4 1
28 8 1
28 12 1
28 16 1
28 20 1
32 0 1
32 4 1
32 8 1
32 12 1
32 16 1
32 20 1
36 0 1
36 4 1
36 8 1
36 12 1
36 16 1
36 20 1
