21 37 시간의신전 추억의길1 templeOfTimeNear1 templeOfTimeNear1 1 시간의신전 templeOfTime1
0 0 1
0 4 1
0 8 1
0 12 1
0 16 1
0 20 1
0 24 1
0 28 1
0 32 1
0 36 1
4 0 1
4 4 1
4 8 1
4 12 1
4 16 1
4 20 1
4 24 1
4 28 1
4 32 1
4 36 1
8 0 1
8 4 1
8 8 1
8 12 1
8 16 1
8 20 1
8 24 1
8 28 1
8 32 1
8 36 1
10 0 3
10 36 3
12 0 1
12 4 1
12 8 1
12 12 1
12 16 1
12 20 1
12 24 1
12 28 1
12 32 1
12 36 1
16 0 1
16 4 1
16 8 1
16 12 1
16 16 1
16 20 1
16 24 1
16 28 1
16 32 1
16 36 1
20 0 1
20 4 1
20 8 1
20 12 1
20 16 1
20 20 1
20 24 1
20 28 1
20 32 1
20 36 1
