45 13 엘나스산맥 위험한골짜기1 dangerousCliff dangerousCliff 1 엘나스
0 2 1
0 4 3
0 9 1
1 0 1
1 1 1
1 10 1
1 11 1
1 12 1
2 6 1
2 7 1
3 3 1
3 4 1
3 5 1
3 7 1
4 1 1
4 2 1
4 7 1
4 8 1
4 9 1
4 10 1
5 0 1
5 7 1
6 5 1
6 12 1
7 6 1
7 7 1
7 8 1
7 9 1
7 10 1
7 11 1
9 1 1
9 2 1
9 3 1
10 3 1
10 4 1
10 5 1
10 6 1
10 10 1
10 11 1
11 7 1
11 8 1
11 9 1
13 3 1
13 12 1
14 0 1
14 1 1
14 2 1
14 4 1
14 5 1
14 6 1
14 11 1
15 8 1
15 9 1
15 10 1
17 4 1
18 1 1
18 3 1
18 5 1
18 6 1
18 7 1
18 8 1
18 9 1
19 2 1
19 3 1
19 6 1
19 10 1
19 11 1
20 12 1
21 7 1
21 8 1
21 9 1
21 10 1
22 5 1
22 6 1
22 9 1
23 0 1
23 1 1
23 2 1
23 3 1
23 4 1
24 2 1
25 5 1
25 6 1
25 7 1
25 8 1
25 9 1
25 10 1
25 11 1
25 12 1
26 3 1
26 4 1
27 8 1
27 9 1
27 10 1
28 6 1
28 7 1
29 0 1
29 1 1
29 2 1
29 3 1
29 4 1
29 5 1
30 9 1
30 10 1
31 10 1
31 11 1
31 12 1
33 3 1
33 4 1
33 5 1
33 6 1
34 7 1
34 8 1
34 9 1
34 10 1
34 11 1
34 12 1
35 0 1
36 1 1
36 2 1
36 3 1
37 9 1
38 6 1
38 7 1
38 8 1
39 4 1
39 5 1
40 1 1
40 2 1
40 3 1
41 0 1
41 10 1
41 11 1
42 7 1
42 8 1
42 9 1
42 12 1
44 1 3
