25 40 오시리아대륙 구름공원1 orbisNear orbis 1
1 13 1
2 4 1
2 12 1
2 14 1
2 32 1
3 3 1
3 5 1
3 11 1
3 15 1
3 22 1
3 31 1
3 33 1
4 2 1
4 6 1
4 10 1
4 13 1
4 16 1
4 21 1
4 23 1
4 30 1
4 34 1
5 3 1
5 5 1
5 9 1
5 12 1
5 14 1
5 17 1
5 22 1
5 29 1
5 32 1
5 35 1
6 4 1
6 10 1
6 13 1
6 16 1
6 28 1
6 31 1
6 33 1
6 36 1
7 11 1
7 15 1
7 29 1
7 32 1
7 35 1
8 12 1
8 14 1
8 30 1
8 34 1
9 13 1
9 31 1
9 33 1
10 21 1
10 32 1
10 39 3
11 20 1
11 22 1
12 0 3
12 8 1
12 21 1
13 7 1
13 9 1
13 15 1
13 27 1
14 8 1
14 14 1
14 16 1
14 26 1
14 28 1
14 35 1
15 13 1
15 17 1
15 25 1
15 29 1
15 34 1
15 36 1
16 3 1
16 12 1
16 15 1
16 18 1
16 24 1
16 27 1
16 30 1
16 35 1
17 2 1
17 4 1
17 13 1
17 17 1
17 23 1
17 26 1
17 28 1
17 31 1
18 3 1
18 14 1
18 16 1
18 24 1
18 27 1
18 30 1
19 15 1
19 25 1
19 29 1
20 9 1
20 26 1
20 28 1
21 8 1
21 10 1
21 27 1
21 37 1
22 9 1
22 36 1
22 38 1
23 37 1
