25 25 오시리아대륙 오르비스 orbis orbis 0
0 4 1
0 17 3
1 3 1
1 13 1
1 21 1
2 0 3
2 2 1
2 12 1
2 22 1
3 11 1
3 21 1
4 0 1
4 7 1
4 12 1
4 20 1
5 1 1
5 6 1
5 13 1
5 19 1
6 5 1
6 8 2
6 14 1
6 20 1
7 6 1
7 21 1
8 0 1
8 7 1
8 9 1
8 18 1
8 20 1
9 1 1
9 4 1
9 6 1
9 8 1
9 12 1
9 19 1
9 22 1
10 5 1
10 9 1
10 11 1
10 18 1
10 23 1
11 4 1
11 10 1
11 12 1
11 17 1
11 24 1
12 3 1
12 13 1
13 4 1
13 20 1
14 16 2
14 19 1
14 23 1
15 8 1
15 10 1
15 14 1
15 18 1
15 24 1
16 1 1
16 6 4
16 9 1
16 15 1
16 17 1
16 19 1
17 0 1
17 8 1
17 16 1
17 20 1
18 5 1
18 7 1
18 15 1
18 18 5
18 21 1
19 6 1
19 8 1
19 20 1
20 3 1
20 5 1
20 9 1
20 19 1
21 4 1
21 10 1
21 15 1
21 18 1
21 20 1
21 24 3
22 5 1
22 14 1
22 17 1
22 21 1
23 0 1
23 4 1
23 6 1
23 13 1
23 20 1
23 22 1
24 7 1
24 12 1
24 23 1
