15 35 오시리아대륙 얼음벌판 elnathNear elnathNear 1
0 15 1
0 16 1
0 17 1
1 13 1
1 14 1
1 15 1
2 11 1
2 12 1
2 28 1
2 29 1
3 10 1
3 28 1
4 5 1
4 6 1
4 18 1
4 19 1
4 20 1
4 24 1
4 25 1
4 26 1
4 27 1
4 34 3
5 4 1
5 17 1
5 18 1
5 23 1
6 0 1
6 1 1
6 2 1
6 3 1
6 10 1
6 11 1
6 15 1
6 16 1
7 9 1
7 24 1
7 34 1
8 8 1
8 22 1
8 23 1
8 32 1
8 33 1
9 12 1
9 19 1
9 20 1
9 21 1
9 30 1
9 31 1
10 0 3
10 9 1
10 10 1
10 11 1
10 17 1
10 18 1
10 29 1
11 7 1
11 8 1
11 16 1
11 25 1
12 6 1
12 22 1
12 23 1
12 24 1
13 3 1
13 4 1
13 5 1
13 20 1
13 21 1
14 2 1
14 19 1
