25 40 오시리아대륙 구름공원2 orbisNear orbis 1
0 1 1
0 17 1
1 0 1
1 16 1
1 18 1
1 37 1
2 15 1
2 19 1
2 28 1
2 36 1
2 38 1
3 7 1
3 16 1
3 18 1
3 27 1
3 29 1
3 37 1
4 6 1
4 8 1
4 17 1
4 26 1
4 30 1
5 5 1
5 9 1
5 25 1
5 28 1
5 31 1
5 35 1
6 4 1
6 7 1
6 10 1
6 26 1
6 30 1
6 34 1
6 36 1
7 5 1
7 9 1
7 19 1
7 27 1
7 29 1
7 35 1
8 6 1
8 8 1
8 18 1
8 20 1
8 28 1
9 7 1
9 17 1
9 21 1
10 16 1
10 19 1
10 22 1
10 39 3
11 15 1
11 18 1
11 20 1
11 23 1
12 0 3
12 14 1
12 17 1
12 21 1
12 24 1
12 31 1
13 13 1
13 16 1
13 19 1
13 22 1
13 25 1
13 30 1
13 32 1
14 12 1
14 15 1
14 18 1
14 20 1
14 23 1
14 26 1
14 31 1
15 13 1
15 16 1
15 19 1
15 22 1
15 25 1
16 14 1
16 17 1
16 21 1
16 24 1
17 6 1
17 15 1
17 18 1
17 20 1
17 23 1
17 35 1
18 0 1
18 5 1
18 7 1
18 16 1
18 19 1
18 22 1
18 34 1
18 36 1
19 1 1
19 6 1
19 17 1
19 21 1
19 33 1
19 37 1
20 2 1
20 18 1
20 20 1
20 27 1
20 34 1
20 36 1
21 0 1
21 3 1
21 12 1
21 19 1
21 26 1
21 28 1
21 35 1
22 1 1
22 4 1
22 11 1
22 13 1
22 27 1
23 2 1
23 5 1
23 12 1
24 3 1
24 6 1
