15 35 오시리아대륙 빙판길 elnathNear elnathNear 1
0 14 1
0 23 1
0 24 1
1 11 1
1 12 1
1 13 1
1 18 2
1 21 1
1 22 1
1 31 1
2 8 1
2 9 1
2 10 1
2 30 1
3 5 1
3 6 1
3 7 1
3 28 1
3 29 1
4 11 1
4 19 1
4 27 1
4 34 3
5 10 1
5 17 1
5 18 1
5 26 1
6 9 1
6 14 1
6 15 1
6 16 1
6 34 1
7 7 1
7 8 1
7 12 1
7 13 1
7 23 1
7 33 1
8 22 1
8 32 1
9 0 3
9 4 1
9 19 1
9 20 1
9 21 1
9 30 1
9 31 1
10 3 1
10 17 1
10 18 1
10 27 1
11 1 1
11 2 1
11 10 1
11 26 1
12 0 1
12 7 1
12 8 1
12 9 1
12 23 1
12 24 1
12 25 1
13 6 1
13 20 1
13 21 1
13 22 1
14 5 1
14 18 1
14 19 1
